1 2777
2 2777
1 5386
2 5386
1 2362
2 2362
1 7763
2 7763
1 5736
3
1 5368
1 6429
1 1530
1 5123
2 5123
1 9802
2 5368
2 5736
1 8456
1 8042
1 7373
1 4919
1 8537
2 8456
1 4370
1 3526
1 8980
2 8537
1 9170
1 7281
1 925
2 8980
1 6505
1 1729
1 5857
1 3895
1 545
2 9170
1 364
2 925
2 5857
1 7178
2 4919
1 2651
1 2399
2 545
2 364
1 12
1 8586
2 2651
1 570
2 4370
1 6601
2 3895
2 9802
2 7281
1 280
1 9441
1 9689
1 6619
1 4729
1 8117
2 6619
2 1729
2 9689
1 7856
1 2353
1 6965
1 4683
1 8624
1 2871
1 8829
1 19
2 19
2 4729
2 8042
1 723
1 2245
1 3451
1 3555
1 7488
1 8228
2 9441
2 570
2 280
2 6965
3
1 5856
1 6491
1 8365
2 2871
1 2551
1 9228
2 8365
1 6121
1 4395
1 1237
2 9228
3
1 4428
2 7488
2 1237
2 4395
2 3451
2 7856
1 6840
2 2399
2 6840
2 3555
2 4428
1 7743
1 2183
1 5499
1 6725
1 5590
2 7373
1 9786
2 8228
1 8464
1 9507
1 8804
2 7178
2 8586
1 7343
2 6505
2 2245
1 3810
2 9507
1 3730
2 6601
2 6121
2 2353
2 5590
2 3730
1 3258
1 7637
2 7743
1 2036
1 1899
2 1530
2 8804
1 7131
2 6725
2 6491
1 163
2 8829
2 3526
1 3773
1 9668
2 8624
2 4683
2 9668
1 7684
2 163
1 9107
1 9756
2 9756
1 9412
1 2172
1 2009
2 5856
2 3810
2 8117
1 7372
1 1255
1 4599
1 9904
2 2183
2 8464
1 6228
1 9150
2 7684
1 9224
1 7269
1 4081
1 84
1 1972
1 3850
2 9107
1 9299
2 5499
1 713
1 6190
2 1899
1 8581
2 2009
2 84
2 9224
1 4769
2 7269
1 7255
2 12
3
1 5884
2 2551
1 9567
2 6190
1 2754
1 4259
2 2172
1 3506
1 2021
2 1255
1 5189
1 9908
1 498
1 8808
1 6248
2 3773
2 7372
1 9754
1 1746
2 4259
1 8046
2 9904
1 6990
1 3033
2 8581
1 4892
2 5884
1 3996
1 9188
1 3729
2 3996
1 3921
1 6304
1 8027
1 6748
1 8902
1 7697
1 1043
1 2002
1 6403
2 7255
2 1043
2 4892
1 2134
2 8902
1 6127
1 5629
2 7131
1 6429
1 6335
1 2900
2 9786
3
1 289
1 7988
2 8808
1 3144
2 9754
2 2134
2 5189
1 4232
2 2754
2 7343
1 6761
2 4232
2 7988
1 6367
1 4234
1 1626
2 6367
2 7697
2 6248
2 3729
2 3506
2 9412
2 6228
1 3529
1 2290
2 5629
2 2021
1 8593
1 8627
1 1886
1 8355
2 3921
2 6304
1 8969
1 2274
2 6429
2 8593
1 7888
1 4566
3
1 7284
1 417
1 2260
1 237
1 3059
2 3059
1 783
2 8969
2 4566
1 483
2 8627
2 417
1 5729
1 3459
2 4599
2 783
1 1233
2 3459
2 6761
2 2002
1 1839
1 8363
2 9908
1 9847
2 1839
1 9390
2 2036
1 5115
2 4234
2 498
1 2951
1 5021
3
1 3740
3
1 4030
2 9299
2 8355
1 3002
1 6139
2 1886
1 4580
2 713
2 6403
1 5379
2 9847
2 7637
2 3033
1 9759
1 9744
2 4081
1 3950
2 9188
1 5105
1 49
2 7284
2 3850
1 7375
1 3614
1 3768
1 4918
3
1 6882
2 5729
1 4030
3
1 1574
1 6593
2 6882
2 4769
1 4713
2 1626
2 6429
2 6335
2 4713
2 4030
1 235
1 5691
1 3943
1 6328
2 9567
1 4018
1 6836
1 5055
1 3858
2 8046
1 2661
2 4030
1 3073
1 6851
2 235
1 6503
1 9006
2 6748
1 1120
2 6836
1 7677
1 3981
3
1 7560
2 1746
1 3518
1 6342
1 5196
1 7321
2 6139
1 4427
2 49
1 72
3
1 5830
3
1 347
1 2030
2 2951
1 7522
1 6924
2 5691
1 9204
2 2260
1 5486
2 3981
1 262
2 2030
1 9848
2 3258
1 9122
2 9848
1 7457
2 7888
2 3943
1 5218
2 1574
2 2900
1 3959
1 2806
2 5115
2 237
1 2698
1 6376
1 2715
1 5171
2 723
1 4010
2 5218
3
1 6539
1 3378
1 5053
1 9114
3
1 5989
1 8067
1 5223
2 3740
2 2274
1 3875
1 179
2 7522
1 1131
2 6328
1 9181
2 2698
2 3614
2 5486
1 9415
2 5223
2 3959
2 1120
2 4580
1 3181
1 415
2 3768
2 7560
1 2297
1 5776
2 3529
1 2587
1 3382
2 5171
1 8860
1 9211
2 8027
1 930
2 5830
1 1476
1 5820
2 1476
2 4427
2 5053
2 289
1 7643
2 9204
1 6621
2 8860
1 4225
1 4570
2 6342
1 7722
2 7643
2 7375
1 9126
1 2071
1 3149
2 4018
2 9126
1 6610
1 8577
1 8976
1 4552
2 3875
1 99
2 9122
1 7017
3
1 2735
1 1298
2 3378
1 5805
2 2806
1 2528
1 9593
1 2197
1 9672
2 6924
1 2325
2 6376
2 4225
1 5421
1 9334
2 8577
1 8159
1 2957
2 2735
1 2972
1 7716
1 1850
1 5482
1 6217
2 5482
1 6506
1 6364
1 8263
2 6127
1 3537
1 8828
2 6503
1 5856
1 8341
1 5352
1 5511
2 4570
2 9150
3
1 4112
2 5352
3
1 4667
1 1489
2 2587
1 9875
1 6141
2 7677
1 636
2 5511
1 2760
1 6814
1 4314
2 6990
2 9744
1 1535
2 9114
2 2071
1 109
1 4673
2 2661
2 109
2 3950
2 4314
1 9355
2 6610
2 5421
3
1 2933
1 3286
1 5358
2 7017
1 2181
1 3990
2 3518
3
1 9954
1 8364
1 5624
2 1972
1 5844
1 1238
1 4976
1 19
1 6343
2 8341
1 2475
1 8011
1 6912
2 6539
1 6868
1 5002
1 9207
3
1 5216
2 6506
1 7472
1 8957
2 3144
2 9759
1 3418
2 6217
1 5474
1 5393
1 5948
2 4552
3
1 9559
2 415
1 6424
1 4280
2 9559
1 3480
2 5196
1 4140
2 8364
2 179
1 431
1 4220
1 7690
2 5820
2 2297
2 4140
2 4010
1 8743
2 9593
2 9954
1 2386
2 3149
1 5710
2 483
2 2290
2 5379
2 1535
1 2351
2 5624
1 7330
1 7515
2 6343
1 3881
1 5634
3
1 4387
2 2197
1 9643
2 9211
2 3286
1 139
1 2063
2 3858
1 5269
2 9390
2 431
2 5393
1 435
2 5805
3
1 2450
1 4802
1 5562
2 8976
2 6364
1 6911
1 9829
1 8816
2 8743
1 3605
1 6579
1 1528
1 4447
1 4045
2 9875
1 5551
1 1386
2 5105
1 4794
2 7515
3
1 6092
2 3605
2 5634
2 8067
2 636
1 8437
1 9484
3
1 6312
1 9017
1 5165
1 1608
1 1745
2 7722
2 9484
1 559
2 4387
2 347
2 6593
1 172
2 9355
2 8957
3
1 5812
2 5856
2 1528
1 5186
2 3537
1 5568
1 6141
2 559
2 7321
2 72
1 6202
1 1631
2 9207
2 2957
1 4683
2 4802
1 7540
1 8972
3
1 634
1 5725
3
1 952
1 5472
1 3339
2 9829
3
1 7661
1 7542
3
1 2339
1 5344
2 3990
2 7540
2 1131
2 8828
1 3292
1 1876
1 1990
1 635
2 5186
2 2351
1 570
1 2540
1 801
2 6092
1 5609
1 6440
2 1990
2 6424
1 2606
1 4523
1 4349
1 2530
2 7542
2 4794
2 5989
1 9591
1 2407
3
1 7131
1 4919
1 9053
1 8427
2 2475
1 7581
2 2339
2 4112
3
1 2438
1 7394
1 4680
2 1298
1 8752
1 4098
1 9010
2 4919
2 2386
1 4425
1 4978
2 7394
1 6748
2 1489
1 1086
1 5159
1 1900
2 9006
1 3003
1 5951
2 4280
2 5165
3
1 2906
2 3339
1 6784
2 5609
1 3633
1 6560
2 1900
1 897
2 4673
1 8329
2 7330
1 2634
2 9010
1 8775
1 4986
2 635
2 1086
2 1876
1 7409
2 2540
1 2833
1 7776
1 9613
2 3881
2 8427
2 7716
1 6508
1 9416
1 1982
1 3540
1 8826
1 7565
1 9499
1 1546
2 5710
2 7581
3
1 3842
2 6784
1 9810
1 869
1 5815
1 8696
2 6911
2 634
2 5948
1 3037
2 2715
2 1608
1 4088
1 8620
1 3293
2 2972
2 3002
1 6942
1 1996
2 3540
2 8437
1 6487
1 3332
1 5950
1 1633
2 7409
2 6851
2 9672
1 5444
2 172
1 751
2 4425
1 6465
2 9613
1 9683
1 8977
1 5014
2 9334
2 5021
1 3391
2 5812
1 9587
1 7836
1 3439
2 751
1 8371
2 5551
3
1 8534
2 5725
1 4697
2 4220
2 3181
1 5490
3
1 2132
1 529
1 1690
3
1 8147
1 2349
1 6422
1 1968
2 8972
2 1850
1 936
3
1 8260
1 5220
2 8977
2 2528
2 1968
2 4088
1 7127
1 2728
3
1 9170
1 2798
1 9563
2 2760
1 8616
1 8223
2 2181
1 7035
2 5358
1 1862
2 9416
2 5815
2 4986
2 6440
2 5220
2 3842
2 9415
1 1929
1 3044
3
1 2280
1 4209
1 9747
1 2366
1 3759
1 1742
1 9401
2 6814
1 2958
1 4422
2 1862
1 9090
1 6071
1 2603
1 8320
1 9942
1 12
1 3807
1 5358
1 2894
2 7565
2 2366
1 2626
2 2728
1 8865
1 3421
1 9409
1 5400
1 2786
2 1742
1 6356
1 4410
1 6631
1 6128
3
1 3446
1 7458
1 10
2 3037
1 1867
1 926
2 6621
1 3705
2 4349
3
1 3832
2 3633
2 19
3
1 2497
1 2538
1 5139
1 7470
2 1238
1 8542
1 2533
2 7457
2 8363
1 1485
2 5568
2 926
3
1 647
2 5444
2 4978
2 6312
1 5063
1 3320
1 538
1 1492
1 8422
1 7685
1 8094
1 1708
1 2802
1 1784
2 12
2 6912
2 5490
2 3759
2 3807
1 840
2 7776
1 6956
2 3293
1 4872
2 3292
1 6088
1 2337
2 3439
2 3418
2 2894
1 282
1 2869
1 5015
2 2833
1 9299
1 754
1 3236
1 292
2 4918
1 6023
2 8752
2 9170
1 6260
2 538
2 5216
2 2533
1 6439
1 8017
2 6579
2 5358
2 869
1 7377
1 2976
1 2161
1 2833
1 127
1 2999
1 3316
2 6088
1 5567
1 3486
1 5767
2 4872
1 435
1 37
2 5776
1 212
1 3934
1 1117
1 8674
2 9299
2 2337
2 9401
2 6439
1 4447
1 2676
2 4680
1 563
2 3446
1 6180
2 7690
1 6688
2 7377
1 8401
2 3073
1 4416
1 8582
1 3682
1 8502
1 1123
2 7131
3
1 7235
1 4946
2 8816
1 1502
1 7549
2 2530
2 8017
1 7563
1 3990
1 7194
1 7036
2 2325
2 8329
1 2700
1 539
1 4835
1 450
2 4667
1 2362
2 4410
1 3579
3
1 6853
1 6634
1 2711
1 4105
1 1736
2 529
1 4565
2 2833
2 7127
2 3421
1 376
2 3705
2 9090
1 2082
1 6227
1 1796
1 958
2 7235
2 5269
1 9927
1 1801
2 3832
1 260
1 6335
2 9409
1 4712
2 2626
1 1662
1 8628
1 9551
2 212
1 641
1 2481
1 3090
2 5139
1 7736
1 7682
1 8726
1 5733
1 1187
2 3486
1 7724
1 4564
1 4723
2 3579
1 4401
2 4697
1 7366
2 4946
1 5047
1 9826
1 8803
1 4840
2 6260
2 8422
2 6422
1 7946
1 9067
1 5104
2 99
1 768
1 5235
2 6128
2 1708
2 3682
1 8291
1 435
1 9448
2 376
1 2200
1 9651
2 4683
2 5562
1 9164
2 8011
2 570
1 6733
1 3256
1 2496
1 9136
3
1 3510
1 3846
1 875
2 9587
2 6180
2 9164
2 3480
1 3555
2 3391
2 37
1 6644
1 8530
2 4723
1 3370
1 7645
1 3852
1 6286
1 7805
1 7344
2 3090
1 207
1 4200
1 4729
1 4758
2 3382
1 2772
3
1 9210
1 5904
1 9440
1 7902
2 4758
1 946
1 5804
2 6227
1 4833
1 448
1 2069
3
1 2271
1 5108
1 1556
2 3555
2 840
1 1983
1 7259
1 2345
2 1633
2 2976
1 6657
3
1 911
2 5104
1 5057
1 7137
2 9053
1 6628
2 2538
1 8825
1 8865
1 9833
2 8401
1 8623
2 563
2 448
1 5644
1 5412
1 4893
2 6631
1 1120
1 3428
1 1549
1 737
1 8241
1 1924
1 5554
1 658
1 1554
2 7682
3
1 9118
1 6499
2 7458
1 1318
2 7563
2 9017
2 6628
1 5328
3
1 186
2 9551
2 1120
2 7472
2 8223
2 3990
1 880
1 4211
2 2481
2 9651
3
1 5326
1 1042
2 435
1 1761
2 4840
1 7231
2 5844
2 8582
2 8726
1 3483
1 8082
2 2802
1 9213
1 5314
1 5680
1 8641
1 1564
1 7638
1 131
1 242
2 435
1 7824
1 4463
1 1002
2 1690
2 6657
2 4098
2 2271
2 8803
2 1554
2 9181
2 1796
1 3766
2 4211
1 2942
2 207
1 4461
1 2596
2 9942
1 9356
2 5400
2 8628
1 744
2 7685
1 2432
2 9136
3
1 5171
2 139
1 3489
1 5539
1 7582
1 1272
1 7986
2 2407
2 6023
2 3428
2 2132
1 8215
2 8291
1 3877
1 6709
3
1 4595
2 1929
1 3522
2 1549
1 4956
2 9683
2 5235
1 6448
1 1794
1 772
1 4872
2 3934
2 2432
2 1784
1 2254
2 2958
1 6355
1 4350
1 4031
3
1 1642
1 7177
2 1983
1 2508
1 1698
2 4045
2 5767
1 5469
1 8003
3
1 3271
1 1288
1 1186
2 6448
2 875
1 122
2 4350
1 8399
2 8003
2 1556
1 688
2 6202
2 2438
2 5014
1 9372
1 9492
2 3766
1 4522
2 3877
2 2700
3
1 9976
1 6387
2 6853
1 9958
1 7458
2 1745
1 9428
3
1 6174
2 647
1 62
1 4656
1 4735
1 334
1 1160
1 2507
1 7964
2 6141
1 7037
1 1842
2 1318
1 5368
1 7446
1 7937
2 3522
1 6387
1 42
2 4956
2 1386
1 386
1 4097
1 8417
2 3846
2 1042
2 737
1 8466
1 259
1 5109
1 1335
2 62
1 3702
1 7716
3
1 7813
2 5412
2 8466
2 5055
1 4506
2 2082
1 8339
1 1352
1 8893
2 9118
2 7716
1 5913
1 7302
1 2187
1 361
1 1101
1 6748
1 2050
2 4105
2 4447
1 6311
2 2254
1 2912
1 9552
1 2203
3
1 3661
1 250
1 6252
1 5871
2 1996
1 1048
1 7111
3
1 8337
2 7638
2 6634
1 7074
1 8342
1 2326
2 1642
2 1272
1 4225
3
1 4902
1 1704
2 6688
1 5946
1 160
1 9300
2 7259
1 5488
1 2619
2 658
1 1825
1 1448
1 360
2 1502
1 1929
1 1902
1 3786
1 4337
2 5871
1 1809
1 3630
2 2161
1 1451
2 772
1 3658
1 3764
2 4031
1 5986
1 3503
1 2176
2 2345
1 4967
1 4037
2 6335
2 2362
1 5617
1 9255
2 2497
1 9147
2 5057
1 2159
1 992
1 6457
1 3902
1 5347
1 1744
2 4506
1 4492
2 4225
2 1736
2 259
2 1564
1 2780
2 8502
1 8613
2 8775
1 8609
2 5946
1 1759
1 5027
1 7660
2 7724
1 9835
1 124
2 5733
2 6355
1 8088
2 6457
2 9591
2 2203
2 127
2 7813
1 7717
1 2638
2 1662
1 2934
1 7140
1 9072
1 9451
2 2711
1 494
2 992
2 4422
2 958
1 2652
1 8355
2 9552
1 5538
1 2944
1 488
1 8545
2 260
1 5544
2 122
1 655
1 2606
2 5986
3
1 6083
1 8403
1 6850
2 4522
1 9021
1 5191
1 7495
2 1048
2 9072
1 7757
1 8726
2 242
1 4650
2 8263
1 7622
1 958
1 9390
2 8530
2 7074
1 7797
1 3375
1 3053
1 3829
1 1558
2 6499
2 7194
3
1 8970
2 2638
3
1 8800
2 1186
1 4780
1 2831
2 9810
1 6763
2 7717
2 4447
1 254
1 4969
2 1924
2 4461
1 2196
1 1554
2 5328
1 1138
2 7344
2 9428
1 5608
2 9492
2 8371
2 3902
2 1698
2 5159
1 3308
2 7661
1 8685
3
1 7069
1 8707
2 5538
2 160
1 2118
2 1554
2 124
2 2118
2 4209
2 3053
1 7219
1 6046
2 8696
1 212
1 5128
2 9826
2 7446
2 6387
2 4200
1 418
1 2283
2 1842
1 9944
2 6644
1 2551
2 4492
2 768
1 530
1 7779
3
1 7484
1 5991
1 7809
1 2074
2 5991
2 7986
1 5866
2 3320
1 3611
2 7177
1 8167
2 360
2 2496
1 2617
3
1 4107
2 930
1 6008
2 7946
1 762
1 5150
2 8545
1 6240
3
1 5259
1 4446
3
1 9538
1 38
2 418
2 488
1 4814
1 9467
1 7616
1 6865
1 4406
1 7441
1 9325
2 212
2 6748
1 8251
1 3969
2 254
1 791
1 3916
3
1 8386
2 3044
2 5488
1 8473
2 2063
1 6977
1 7396
2 6850
1 3362
2 8970
2 3332
3
1 4635
1 9405
1 1605
3
1 1653
3
1 5281
1 4039
1 9591
1 9091
2 1288
1 9755
1 7360
2 3256
1 6577
1 7415
1 7433
1 5389
2 2603
1 3370
1 7694
2 4107
1 1414
3
1 3604
1 6938
2 131
2 8339
1 177
2 3611
1 8999
1 5296
1 3938
1 7958
1 7502
1 6825
1 6146
1 2247
1 3847
2 2069
2 361
2 539
1 3437
2 3375
1 349
2 4656
2 3271
1 8466
1 1751
1 7875
1 4026
1 2830
2 7219
1 3088
2 3829
1 9576
1 2886
1 8901
1 3994
1 6289
1 3518
1 6396
2 7366
2 744
2 7111
1 6392
1 2900
2 8613
2 6748
1 6950
1 3501
2 7797
1 5304
1 9062
2 9451
2 7360
1 5366
2 7824
1 3958
2 7140
1 498
1 5969
2 688
2 952
1 847
2 6825
1 7108
2 3003
1 9677
1 4415
2 186
1 5612
1 6210
2 2933
2 9677
2 2619
2 7582
2 4416
2 1558
2 6210
2 6356
2 655
2 1546
1 6572
2 6763
1 5162
1 4454
1 9519
1 3769
2 4967
2 7502
2 5904
1 8447
2 8447
2 641
1 6607
3
1 3696
1 9019
1 7752
1 8924
1 2930
2 8082
1 7565
2 5191
1 2803
1 396
1 2296
2 6607
3
1 9292
1 9199
1 6617
2 7622
1 322
1 3137
2 4735
2 5554
2 2772
2 5472
1 8780
1 1400
1 38
2 5950
1 7046
1 9430
1 8216
1 8846
1 3492
2 3702
1 8952
1 8241
2 2900
3
1 2190
1 5630
2 5474
1 9287
2 9976
1 4221
1 1660
1 1776
1 310
2 3786
1 7529
1 8075
2 6083
1 2720
2 7836
2 8726
2 8825
1 38
1 5932
1 176
1 8651
2 3847
2 2450
2 8616
1 8491
1 541
2 8417
2 2247
1 1996
1 8263
1 1652
2 2944
2 7302
1 8836
2 6942
2 8216
2 1794
2 9440
2 5326
1 3165
1 2582
1 2328
1 5027
1 4375
1 3259
1 3328
2 8159
2 2999
1 8032
2 2617
1 196
1 6428
2 6146
2 5128
1 2667
2 7108
1 370
1 2038
1 8875
2 2349
1 1756
2 3916
3
1 938
1 7374
1 6929
1 8228
1 8131
1 3435
1 6679
1 1577
2 9091
3
1 947
1 4132
1 310
2 958
1 1493
2 8241
2 6929
1 6989
1 149
2 176
2 5932
2 4523
2 2074
1 1413
2 2328
1 9465
3
1 868
1 4753
2 3503
1 6614
2 4037
1 8397
1 8976
1 5611
2 7902
1 3855
2 9519
1 6585
1 2011
2 2869
2 5002
3
1 5542
1 1367
1 2353
2 9576
2 2196
1 9469
1 3694
1 7964
2 4415
2 2942
1 5727
2 396
1 1964
2 8685
1 2215
1 8984
1 4495
1 757
2 5027
2 2326
1 4831
2 9499
2 7565
2 9199
1 9370
2 8893
2 5951
2 3492
1 304
2 8260
1 9154
1 2981
1 8751
2 5108
1 702
1 4987
2 6868
2 3694
1 9468
1 1917
2 334
1 2992
1 7329
2 757
2 801
2 8263
1 3537
1 799
2 6392
1 4771
1 8428
1 1220
1 6181
3
1 6050
3
1 8929
1 7192
1 7080
1 3143
2 9755
1 8394
2 1187
1 4788
2 9643
1 6181
1 5941
1 4112
1 7063
1 1567
1 3315
1 5246
2 7080
1 1514
1 5327
1 6130
1 9875
2 9875
1 8480
1 7771
1 2042
1 9403
1 1257
1 5056
3
1 8847
1 7917
1 6945
1 758
1 1953
1 3307
2 6989
2 9469
2 450
1 6092
1 9428
2 38
1 6872
1 2157
1 1745
1 9153
2 4976
1 5458
1 6585
2 1759
2 4780
1 2172
1 6872
3
1 3038
1 2806
2 8780
1 2050
2 1929
2 8924
1 9755
1 8484
1 6189
1 5979
1 1216
2 5366
1 7455
1 76
1 2585
1 5811
1 5895
3
1 3810
2 1492
1 9257
1 7486
1 1235
1 6003
2 8094
1 7450
1 3840
1 7397
2 1335
1 9815
1 7184
2 349
1 727
1 4317
2 8651
1 3101
1 4190
1 8341
2 3840
1 4201
3
1 2888
1 8810
1 3022
1 1136
2 9154
1 177
1 6055
1 6647
1 6258
1 7672
1 8837
1 168
2 7495
1 7509
2 6428
2 9468
2 2176
1 7878
2 1825
3
1 8825
3
1 2669
2 8620
1 5625
1 5507
1 2269
3
1 469
2 7329
1 3190
2 1235
3
1 7207
2 2930
1 2206
2 5109
1 268
1 5451
1 8711
2 911
2 2280
1 1026
1 4662
2 4026
2 5617
2 6240
1 6557
1 3700
1 7732
1 3195
1 3642
2 5171
2 3855
1 2060
1 6300
2 4969
2 1567
3
1 4554
1 471
2 7771
2 9428
2 6252
1 4227
1 707
1 3094
2 5246
2 5047
1 9703
1 5508
2 4221
1 975
1 4010
1 5978
1 6914
1 1353
2 471
1 8954
1 5978
1 5238
1 7845
1 9644
1 7773
2 1953
1 8837
1 5591
1 6149
1 5700
2 9372
2 4565
1 8129
2 9958
2 6174
1 5820
1 6336
2 8609
3
1 2095
2 6585
3
1 6737
1 48
1 9802
1 2473
1 4909
3
1 2463
2 7184
2 7036
1 319
1 5546
1 8245
1 2633
2 9591
2 4650
1 9348
1 7092
1 2612
2 6647
2 2786
1 1070
1 7715
2 5866
1 7423
1 957
1 6221
2 9944
1 4222
1 1752
2 4909
1 3871
1 4018
1 2227
1 4455
1 1749
2 3308
1 6683
1 2704
1 474
2 474
1 4223
2 6055
1 2393
1 4725
2 3315
1 7364
1 4956
1 1752
2 4833
1 6480
2 8394
1 5286
1 9168
2 6577
1 4471
1 3778
2 3810
1 4555
2 9644
1 6868
2 3435
1 4282
2 469
1 9291
1 8594
2 3518
1 1089
2 6480
2 1070
1 2604
1 1489
1 6058
1 800
1 8191
1 6246
1 6276
2 1123
2 8836
1 2945
2 3022
1 567
1 1688
1 2109
2 6557
1 6456
1 6958
1 3606
2 2109
1 9982
1 3541
1 2073
2 4454
2 5978
1 737
1 3576
1 7565
1 5409
2 6311
1 6624
1 6169
1 347
2 8473
1 2496
2 541
2 7046
3
1 5058
1 775
1 9358
2 8751
1 3529
2 8215
2 9467
1 6699
1 1224
2 5259
1 9109
1 3225
3
1 2523
2 1448
2 9067
2 6617
1 1191
2 7397
1 1878
1 6997
3
1 1153
2 7470
2 7752
2 3537
1 1933
2 3094
1 7877
1 6586
1 2916
1 6692
1 7882
2 6508
2 2473
2 727
1 1834
2 9356
2 3661
1 734
2 1751
2 1917
1 182
1 9094
2 2157
1 4813
2 6336
2 3642
2 6221
1 7320
1 1134
2 2633
1 2620
1 5012
1 5177
2 758
1 6621
1 6645
1 9937
2 2060
1 4124
2 3307
3
1 6590
2 2806
1 6391
2 4190
2 1400
2 9292
1 7287
1 9559
2 2830
2 322
2 1224
1 87
3
1 8849
2 435
2 1160
2 7958
2 2050
2 3143
2 1749
1 3669
1 7597
1 7677
2 6092
1 3700
2 3501
2 3769
1 4218
1 1727
2 8837
2 1867
2 2667
1 4839
3
1 1806
1 6408
1 9589
1 114
1 3297
2 319
1 1381
2 3190
2 1752
1 2876
2 2606
2 4039
3
1 7402
1 1236
1 5336
3
1 7236
1 7687
2 5804
2 8147
2 7732
1 8863
1 4451
2 9257
1 9278
1 6064
2 7035
1 3111
2 2393
2 8865
1 1132
1 8414
1 8499
1 8365
1 9730
2 6621
1 865
2 4097
2 7736
2 7694
2 2283
1 123
2 1117
1 5215
1 6451
1 8415
2 5063
1 8656
1 9282
2 2227
1 8165
1 5909
1 462
2 7805
1 6701
1 768
2 6585
1 6036
1 6829
1 1103
1 2486
2 4223
1 2699
1 3465
1 9246
1 994
1 2381
3
1 9145
2 567
1 1995
2 6572
2 6149
2 865
3
1 5510
1 1459
1 6467
2 6181
2 975
1 5907
2 2992
1 150
2 4712
1 7764
2 3165
3
1 610
2 1801
1 9189
1 9634
1 1201
2 2912
1 4461
1 2958
2 1878
2 7458
1 8121
1 2650
3
1 5559
1 3506
1 2331
1 8145
1 8010
2 9094
1 1365
1 9100
1 9574
2 8976
1 5742
1 3683
1 168
2 1236
1 9563
1 9264
2 292
2 2652
1 707
1 7022
1 3315
1 5917
1 7193
2 5567
1 9205
2 3669
2 5451
1 8632
1 2056
2 2296
2 5177
1 9445
2 8929
1 5827
1 9889
1 8689
2 3370
2 304
2 1136
1 8630
1 6664
1 9185
3
1 2977
1 6264
2 791
2 8630
1 3637
2 994
1 2101
2 4893
2 5286
3
1 1548
2 1964
1 4583
1 7271
2 4375
1 5351
3
1 6667
1 5146
2 2704
2 6956
3
1 404
2 9145
1 9317
1 8628
1 78
1 2811
1 2104
1 7412
2 9538
2 8088
1 7675
2 5281
1 6284
2 2888
2 799
1 6829
2 2612
1 8229
1 8198
1 4329
1 9888
2 1902
2 7757
1 5031
1 7405
2 9019
1 9240
1 9423
1 1659
1 6931
1 3102
2 7320
2 5389
1 5357
2 3316
1 9401
2 8145
1 530
1 5673
2 1134
1 3198
1 8159
1 5305
2 9317
1 6984
2 7063
2 2095
1 6009
1 5673
1 5411
1 3757
1 6508
2 3630
1 701
1 8953
2 462
2 3700
2 8628
2 8800
2 1367
2 9403
1 7441
2 5162
1 256
2 9448
2 9747
1 6832
1 918
1 385
2 1138
3
1 4967
2 5673
2 9563
1 5743
3
1 9445
2 4956
1 6885
1 3677
2 4112
1 2594
1 5953
2 7917
1 9130
1 2789
2 196
1 5205
2 6058
2 8875
2 6885
1 9091
2 8010
2 3259
1 7346
2 2934
2 5680
2 5215
2 7484
1 2498
2 6614
2 6181
2 9205
1 2206
2 8397
1 7203
1 7487
1 5057
1 3969
1 8654
1 6567
1 4488
1 5811
2 310
1 8507
2 5205
1 5122
2 9185
3
1 5484
1 5037
1 4453
1 2296
2 4839
1 2921
2 1414
1 9227
1 7038
1 3693
1 7428
1 3849
2 9833
3
1 2892
1 2909
1 4385
3
1 5643
1 5018
1 4366
2 8953
1 1021
2 2104
1 1941
2 1233
1 5515
2 8414
2 3225
1 5231
2 7773
2 4635
1 2639
2 2381
2 4329
2 3236
1 3891
1 3703
3
1 3487
1 1789
2 2331
1 760
1 1376
2 702
2 4872
1 279
2 1761
2 6508
1 2752
1 7161
1 7119
2 5978
1 4069
2 9982
2 5941
1 5688
2 5314
2 7412
1 1743
2 1743
3
1 6411
2 3038
2 8654
2 9100
2 6683
2 7203
2 3489
1 2418
1 8156
1 3968
2 3101
1 9943
1 2458
1 4901
2 5469
1 2327
1 9846
1 3524
1 19
2 2811
1 6449
2 5559
3
1 686
1 2501
2 3994
2 9943
2 7660
1 2663
1 4967
1 8194
1 6151
1 7600
1 2202
1 4602
1 2531
1 178
2 610
1 1420
2 78
2 9153
1 6743
1 5740
1 8940
1 9566
2 9835
1 3338
1 985
2 1745
1 8416
1 8112
1 9196
2 6733
1 1481
2 4317
3
1 7973
2 19
2 2669
2 5700
2 3658
1 6168
1 3023
1 6488
2 3969
2 6169
1 5435
3
1 2512
1 2654
1 4768
1 2843
1 4238
2 2945
2 9566
1 1323
1 6234
2 5688
2 1132
2 5146
2 6467
1 6128
2 9927
2 4471
1 8898
2 6590
1 3634
2 5743
3
1 642
1 959
1 3884
1 2812
2 6872
1 8872
1 5173
1 4100
1 1246
1 7531
2 498
1 8766
1 7522
2 5608
2 800
2 4788
1 4466
2 8131
1 1326
2 2634
1 6270
1 2260
2 3529
2 6408
1 2940
2 2620
1 1104
1 7180
2 8337
1 6136
1 7853
2 9465
1 6914
1 3373
1 9129
2 6832
1 941
2 1104
1 192
1 1948
1 4529
2 9401
2 9255
1 6965
1 7396
1 3885
2 7346
1 272
2 6136
2 9815
2 8847
1 3996
2 7565
1 2657
2 114
2 4725
1 959
1 563
2 6567
2 5913
1 3333
1 2037
1 4710
1 7596
1 2307
2 6128
1 2234
1 5037
1 3964
1 9948
1 8652
1 7532
2 279
2 5742
1 1975
1 9920
2 7596
1 8668
1 620
2 5368
1 1745
2 5018
2 1153
2 2650
1 8861
1 5083
3
1 9659
2 2038
2 2940
1 1940
1 6242
1 3403
1 3819
1 2866
2 7236
2 2780
2 701
2 9370
2 310
2 3297
2 192
1 6446
2 3524
1 1478
1 6197
2 6300
2 897
3
1 7814
2 6997
2 4902
1 5218
1 3081
2 6168
2 959
2 5643
2 5347
1 5113
1 848
2 957
1 5776
2 3703
1 2873
1 9447
1 1884
1 4073
3
1 5353
2 5811
1 7141
1 982
2 1026
3
1 2541
2 7937
2 5917
3
1 1391
1 1148
1 8275
2 5727
2 1995
2 8416
3
1 285
1 2394
1 4257
1 6776
1 6489
2 2200
1 1203
1 723
2 2507
1 8943
2 1806
1 2643
2 6141
1 9706
3
1 3654
2 7193
1 5565
1 5930
2 3700
1 3924
1 3169
1 7138
2 6446
1 7198
1 1245
2 6667
1 5290
2 1485
1 9464
2 1021
1 7685
1 7057
1 1187
2 1514
1 8398
2 1103
1 1161
2 2463
1 5575
2 6411
2 6284
1 8347
2 2831
1 4015
2 8194
2 4069
2 2042
2 2512
1 7681
2 4768
1 8280
2 3370
1 7863
1 2141
2 2073
1 9315
2 7119
1 2210
1 3390
2 8825
1 2701
2 2269
1 7453
2 3852
1 6327
2 1776
2 2812
1 401
1 9615
1 882
2 48
1 3036
1 4212
1 1741
2 256
1 3805
3
1 7737
2 4385
2 4602
1 6677
2 4967
1 5540
2 2639
2 7441
1 7540
1 691
2 946
2 6258
1 5325
1 8654
1 1234
1 9080
1 6615
1 514
1 2299
3
1 2154
1 491
2 4282
1 6340
2 6737
1 4585
2 6931
1 8714
2 2585
1 4255
2 9390
1 7238
2 8480
2 3969
3
1 1426
1 4871
1 8947
2 4564
1 9772
1 6240
1 7847
1 2703
2 7038
1 1217
1 8160
2 9445
1 7313
1 6078
1 4246
3
1 9452
1 8660
1 9253
2 5357
1 3201
3
1 847
1 6229
1 266
1 7320
3
1 3053
3
1 4539
1 6713
1 8320
1 5381
1 8504
1 5147
1 1652
2 4222
1 7767
1 489
1 6831
2 7207
2 149
1 4697
2 1577
2 4406
1 1668
2 3036
2 5507
1 7091
1 3136
1 8496
1 2398
2 8542
1 8150
1 1133
1 2926
1 4393
1 4921
1 2066
2 8229
2 9129
1 5020
2 6699
3
1 3829
1 3948
2 5296
1 4457
2 5056
1 9446
1 4444
1 1760
1 4825
1 3030
1 5244
1 6914
1 4811
2 4771
2 530
1 3239
2 7809
1 5632
1 2336
1 1661
1 5648
2 7022
2 9589
1 3815
2 9264
1 1667
1 4647
3
1 5690
1 6746
1 5642
1 8896
1 251
1 8773
1 3124
2 404
2 2551
2 734
1 771
3
1 6618
2 3884
2 6615
1 3177
1 5160
2 9948
1 6912
1 9842
2 1451
1 6552
2 7616
1 1703
1 7167
2 7685
1 3595
2 8320
2 1884
1 2489
2 6451
2 4753
1 885
2 5037
3
1 200
1 9957
2 8167
1 6264
2 4015
1 2341
1 4449
2 5057
1 5537
1 4610
1 4242
2 7037
1 9117
2 6488
1 851
1 504
1 4350
1 3073
1 9675
1 5634
1 3656
1 7328
2 1459
2 8999
2 9802
1 1876
2 9563
1 7513
2 3606
2 2066
1 1895
2 8415
2 7441
1 6897
1 8002
2 2336
2 7192
1 6116
1 2538
2 4255
1 5730
2 2299
2 5113
1 2325
2 8668
1 5657
1 306
1 7406
1 9915
2 2508
1 9538
3
1 9576
2 168
1 4310
1 7015
1 6343
1 8851
2 2141
1 5261
1 2801
1 1485
2 3487
1 2412
3
1 8154
1 6452
2 5515
1 8400
2 177
1 4570
1 2255
1 1867
1 683
1 1996
1 6051
2 9445
1 4488
1 6367
1 2476
2 4461
1 7458
2 8156
2 1201
1 228
1 1921
2 4466
2 2412
1 5478
1 898
2 9240
1 7437
2 5591
1 4787
3
1 1157
1 5
2 2752
3
1 1314
2 2886
2 4227
1 4049
1 9249
2 2234
1 8894
1 1755
1 3325
1 9445
2 2190
1 5392
1 5530
2 3757
1 2734
2 6945
2 9889
1 5537
1 1673
1 1707
2 4366
2 9915
2 8275
2 5909
2 8849
2 7015
3
1 6143
2 4463
2 6391
2 2843
1 5604
1 7094
2 8940
2 7675
1 8569
1 4491
1 603
1 3119
1 1116
3
1 7084
1 1000
2 1391
1 160
2 7364
2 683
1 7165
2 9703
2 2050
2 1161
2 1673
1 1994
3
1 7736
1 4403
1 4778
2 8865
2 386
1 965
1 3568
2 3102
1 1597
1 2876
2 9634
2 8129
2 1089
1 1467
1 7130
2 3829
1 2410
2 6914
1 8317
1 5403
1 7569
1 2266
1 197
2 3541
1 1801
1 3260
1 4440
2 2266
1 1600
1 7405
1 5125
2 401
2 6327
1 1076
1 8574
2 9675
2 2876
1 9986
2 686
2 5122
1 7078
1 7965
2 7600
1 3888
2 5508
1 1880
1 7092
2 1493
1 5610
3
1 6249
1 2747
2 1323
1 9352
1 9456
1 1937
1 4491
2 5015
1 3238
2 8466
1 1559
2 4457
2 1941
1 7972
1 256
3
1 5096
2 2498
1 7702
2 5930
1 3820
2 8632
1 7062
2 6965
2 7681
1 4090
1 7840
1 1088
1 1793
1 9884
2 6249
1 9700
2 4529
1 4604
1 7325
2 2703
1 809
1 6902
2 9446
2 2801
1 8741
1 7178
2 959
1 8250
1 2048
2 177
1 978
1 7770
2 9196
1 6437
2 7672
2 2981
2 1133
3
1 3562
2 5083
1 7125
2 7069
1 1560
1 8922
2 7141
2 6902
2 3871
1 7005
1 8308
1 4828
2 2255
1 7994
2 8365
2 5565
1 8071
1 6078
2 4610
1 5852
2 938
1 3996
1 2097
1 3537
1 6271
1 9234
2 7091
1 5677
2 9147
1 8180
1 7504
1 4487
2 9315
2 1652
2 9538
2 8766
1 4103
1 5840
1 6335
2 9755
1 6271
1 3538
1 8980
1 1636
1 5590
1 980
2 4647
1 5022
1 5088
2 6618
2 9091
1 7600
2 6437
1 8130
2 1352
3
1 1181
2 2202
2 7406
2 160
1 466
1 8957
1 5323
2 8507
1 4061
2 9227
1 253
2 6340
1 8602
2 5852
1 9225
1 548
2 5244
1 1478
2 9249
1 5252
1 345
1 2555
1 5277
2 4583
1 9582
1 6255
2 2486
2 8952
1 8019
1 4977
1 259
2 7513
3
1 8455
1 6736
2 5020
2 42
2 7779
2 4018
2 4491
1 6221
1 1297
1 7057
1 6197
2 268
1 894
2 6116
2 6003
1 5426
2 9986
2 3683
3
1 3207
1 2946
1 8452
1 5344
2 1560
1 610
2 5411
1 1233
3
1 7820
1 9864
1 5522
1 6219
1 8548
2 6036
1 2864
1 3904
2 7062
1 885
1 4815
1 4472
2 5150
1 3160
1 9101
3
1 6542
1 4810
1 8339
1 436
1 1894
2 1478
1 2939
2 7450
2 6240
3
1 6398
2 2476
2 7764
2 4825
2 620
2 168
2 9559
1 5133
2 2296
2 1880
2 9352
1 3188
2 882
2 3938
1 9323
2 6051
3
1 8806
1 3286
2 7084
2 2789
1 4606
1 8314
1 7405
1 5389
1 3272
1 6321
2 9213
2 7840
2 6552
2 5625
1 4197
1 9737
1 4984
1 8529
2 6914
2 7415
1 1320
1 292
2 436
1 3547
1 6903
1 3233
1 5730
1 5074
2 1245
1 1735
2 851
2 8355
1 7199
1 2088
1 9771
2 4061
1 2435
1 6168
2 1548
2 2210
2 5969
2 2154
1 3141
1 5737
1 7607
1 1925
1 8944
2 6645
2 1741
2 1076
1 2396
1 5712
2 385
2 8154
1 7948
1 8358
2 3576
1 1902
1 2285
1 9792
3
1 5111
2 8714
1 9016
2 5392
2 466
3
1 4840
1 6468
2 6151
1 8786
1 6668
1 59
2 6189
1 9163
1 5633
2 2734
2 965
2 2206
2 4393
3
1 7213
3
1 2731
2 1002
2 4350
1 4476
1 8030
2 8707
2 2916
1 2429
2 8339
2 7847
1 9393
1 4290
2 2582
2 1834
1 6650
2 1297
2 7402
1 9656
1 6645
2 5304
2 7405
2 7161
2 8150
1 4232
3
1 8804
1 270
1 5004
2 548
1 8699
1 8386
2 4495
2 7715
1 5109
1 5197
1 279
2 1756
1 8787
2 7964
1 1128
1 3776
2 7532
2 4814
2 6197
2 1894
1 3865
2 7092
2 1652
3
1 27
2 2606
3
1 3785
1 1912
1 7711
2 1217
3
1 3070
3
1 8174
1 3304
1 7246
1 6951
2 2663
1 8569
1 6829
2 4488
2 9062
2 3177
1 4308
2 1735
2 6950
1 3273
1 6877
2 5811
3
1 9542
2 7178
1 2840
3
1 8994
2 1426
1 4389
2 9189
1 5339
2 8228
1 919
2 2555
1 3059
1 8957
1 7081
1 9027
1 3589
3
1 8475
2 5632
1 3468
1 6173
1 972
1 5226
1 4007
1 9608
1 5333
2 7569
1 4314
1 8370
2 2496
1 1809
2 4729
1 3067
2 1191
2 8898
1 8187
2 4662
2 8851
3
1 3384
1 7876
3
1 1351
2 6829
1 171
2 6271
2 6064
2 6343
2 8654
2 7320
3
1 3736
1 2621
2 5088
1 4405
1 9968
1 7489
2 4403
1 2697
2 6168
2 3160
1 2164
1 2696
1 1192
1 7000
1 6725
2 504
1 9422
1 974
2 6746
1 3102
1 3296
1 562
2 9278
2 266
1 4885
2 1128
3
1 5240
2 2939
2 2489
2 7820
2 3390
1 3372
2 5690
1 2148
2 1203
2 3693
1 2195
2 9737
1 2805
1 1742
1 9836
1 7444
2 5537
2 8711
3
1 4957
1 8206
2 5590
1 3039
1 2276
2 3338
1 6791
2 7057
3
1 7659
1 9843
1 4046
2 7973
1 4720
2 1353
1 4180
2 7405
1 9784
1 6600
3
1 9727
1 7260
2 3081
2 2594
1 857
1 6012
2 2206
1 1685
2 5642
2 6396
2 5351
1 4103
1 3032
2 4246
1 9491
2 6692
2 3654
1 7574
1 9076
3
1 6722
2 3124
2 370
2 3023
2 3437
3
1 5382
1 3600
2 3958
1 3017
2 8594
2 885
1 8762
3
1 459
2 1688
1 9678
1 5022
2 7130
1 5486
2 1157
1 85
2 7287
2 3070
1 7106
2 5544
1 9408
1 2713
1 8865
2 8400
2 7246
1 6413
1 1435
1 7536
1 4235
1 7480
1 6155
1 1941
2 3785
1 6194
3
1 8962
2 1727
1 6046
2 5325
1 9860
2 6951
2 8894
2 5344
1 1140
2 6465
1 9367
2 7540
2 8947
2 4235
2 2541
1 922
2 3373
1 4502
1 8625
1 8174
1 4311
2 2696
1 4818
1 1593
1 8604
1 7685
1 8256
1 9846
2 8342
2 1867
1 8539
1 4788
2 2596
2 7231
1 5954
1 9654
1 9604
1 7500
2 8130
1 3084
1 1629
1 7351
1 5266
2 4310
1 3293
1 7171
2 1941
1 1237
2 8180
2 6586
1 2045
1 173
2 3111
1 5128
1 9470
1 5382
2 9405
2 7125
1 2635
2 3238
1 7922
1 465
1 7301
1 9863
2 1237
2 5827
2 6912
1 8359
2 8837
1 4863
2 7536
2 5478
2 7487
2 5353
1 3794
2 8539
2 1982
1 8393
2 985
1 1462
1 5178
1 4141
1 6666
2 4778
2 3032
2 8245
1 2781
1 9184
1 6879
2 5344
1 2496
3
1 1445
2 1376
1 9258
1 8095
1 2166
2 5178
2 8762
1 5159
1 3800
1 2294
2 6130
1 6973
1 6243
2 5058
2 6713
1 8522
1 1662
2 4311
1 9816
2 8786
1 6234
1 993
1 5815
2 4455
2 5630
1 5683
2 491
2 3059
2 1902
2 2037
2 7325
1 5117
2 3137
2 6078
2 9300
3
1 3640
1 7590
1 3850
2 2285
1 9372
2 279
2 6387
1 417
1 5665
1 3872
1 6073
1 6200
1 1606
1 1173
1 6996
2 7736
1 3294
2 8314
2 9430
2 2731
1 2249
2 7645
2 603
2 3273
2 8241
1 4918
1 2324
1 7092
1 9161
1 5683
2 5648
1 6794
1 4817
1 9172
1 7174
1 3134
1 9492
1 3871
2 3849
3
1 6672
1 7183
1 2489
1 5413
2 9234
2 8660
1 3437
1 104
1 7667
1 1351
1 8739
2 182
1 654
1 8436
1 9291
2 9423
2 3017
1 257
1 4807
1 2911
1 2950
2 8121
1 1806
1 9322
2 7845
3
1 9016
1 5552
2 7455
2 6725
2 4606
1 4751
2 7659
1 498
2 6229
2 6877
1 6256
2 7597
3
1 7182
2 7964
1 9278
1 9883
1 6255
3
1 508
3
1 7993
1 6929
1 9605
2 2341
1 7271
1 9233
2 9322
2 7301
1 8818
2 8030
1 6772
2 5644
2 2418
2 3924
1 6879
1 269
1 6618
1 2652
2 3871
1 5042
1 3701
2 251
1 1353
1 1172
1 979
2 8922
1 9465
2 5117
1 5530
1 9000
1 2059
2 465
1 6467
1 3956
1 1918
1 550
2 7137
2 6872
1 6903
1 206
1 870
2 5954
1 9520
2 3904
1 2992
1 163
2 6958
2 3362
2 5336
1 4636
2 1140
2 7965
1 4430
1 1752
1 4872
1 9215
1 3745
1 8782
1 3340
1 1019
2 9542
1 7736
1 388
2 1704
1 910
2 9000
1 2604
2 8436
1 3675
1 4719
2 922
2 3102
1 1486
1 7199
2 5160
2 8872
1 2104
1 5972
1 5769
1 1076
1 9817
1 6033
2 885
1 5807
1 2630
1 2780
1 812
1 4049
2 3964
1 3478
1 5818
1 1738
1 8942
1 6767
1 2814
2 272
1 1266
1 7757
1 9936
2 8399
1 443
2 6194
1 8611
2 5542
1 3386
1 6122
2 2697
1 9830
2 2097
1 3437
1 793
1 6424
2 6672
1 6586
1 4099
2 4440
1 5128
2 253
2 5409
1 4254
1 1794
1 1092
2 9101
2 5683
1 224
1 3006
2 5769
2 1809
1 9965
2 5074
1 5010
2 2260
1 3876
2 2798
1 9166
2 5133
1 3915
2 1351
2 7677
1 6773
1 4822
1 4821
2 4073
1 7734
1 5672
1 9592
3
1 2595
2 5125
2 4010
3
1 2498
1 941
1 1787
2 6903
1 6064
2 6276
1 5044
2 9771
2 6487
1 3171
2 3595
2 8484
1 5878
2 5552
2 7260
2 7167
1 5745
2 2840
1 8011
1 8209
2 2059
3
1 3265
1 5605
3
1 3046
1 6768
2 8358
2 1092
1 9186
1 4036
2 7005
3
1 1013
1 3767
1 2059
2 972
1 8135
1 498
1 7876
1 3100
1 2351
2 7504
1 8715
1 2301
1 867
1 122
1 3933
1 8908
1 4776
2 4835
1 2972
2 345
1 254
2 6768
1 6576
2 7444
2 8160
1 4398
1 6407
1 875
1 8187
2 256
1 6868
2 6033
3
1 2818
2 3437
2 1486
1 3249
2 562
1 4910
3
1 6515
1 1815
3
1 4360
1 6592
1 9265
1 747
2 1789
1 5924
1 2124
1 6035
1 819
2 8341
2 9253
3
1 7773
1 18
2 793
1 1908
1 8730
1 4300
2 9109
2 388
2 6200
1 5173
2 6600
1 8989
2 5530
1 4309
1 801
3
1 2361
3
1 2060
2 4787
1 5264
1 3714
1 8490
1 5669
1 4283
2 3372
2 498
1 1297
3
1 6598
2 7453
1 94
1 865
1 1660
1 2173
2 4405
2 775
2 2909
2 2635
2 5197
2 8452
1 753
2 3933
1 8506
2 8308
1 6706
1 295
2 6219
1 400
2 5657
2 5042
1 8708
2 2164
2 5252
1 7559
2 3872
1 9567
3
1 898
1 8170
1 4757
2 1667
1 1768
1 4617
1 8669
1 9908
3
1 3943
1 7513
2 3119
1 9716
2 8901
2 2523
1 5320
2 5818
1 7278
1 5624
1 5258
1 3499
2 6701
2 2351
1 9486
1 4777
1 9528
1 2433
1 8777
1 8357
1 8481
1 3675
1 6671
1 21
2 7814
1 5985
3
1 8483
1 7987
2 2720
2 1266
1 7375
1 3220
1 2209
1 7392
1 508
1 5499
1 9832
2 3888
1 7953
1 6805
1 1161
2 8980
2 1685
1 2122
1 8506
1 1427
1 7184
2 1744
1 9357
1 3085
2 5605
2 4254
1 4110
2 9325
1 3515
1 2071
1 2675
1 673
1 1994
2 9836
2 7396
2 5530
3
1 772
3
1 5695
2 4232
2 2489
1 3716
2 7877
1 5905
1 2593
2 3084
2 8699
3
1 407
1 6898
3
1 269
1 5607
1 8665
1 6630
2 3053
1 5920
2 8475
1 7276
2 5612
1 1703
1 6623
1 8203
1 8017
1 9733
2 3767
2 6424
1 1876
1 6723
1 183
1 6332
1 2031
1 642
3
1 7223
1 7014
2 1660
1 2532
2 4238
1 7673
1 9387
2 1435
2 4636
2 173
2 4757
2 7948
2 7607
1 6226
2 4197
3
1 6208
1 1139
2 3030
2 9184
1 9828
1 7394
1 3156
1 1261
1 2293
1 6418
1 6623
1 6477
2 3510
1 7630
1 5179
1 3821
1 8457
2 8455
1 308
1 9242
1 7730
2 7184
2 4957
1 5259
1 2312
1 9911
1 5630
2 3637
1 1201
3
1 605
1 9487
1 6824
2 8669
1 6879
2 7374
1 8889
2 6489
1 120
1 3540
2 2621
2 2814
1 1139
1 9949
1 5396
1 7267
2 6706
2 8715
3
1 1050
2 1139
3
1 4920
2 8804
2 1742
1 9393
1 7452
2 8942
2 7922
3
1 4662
1 1645
2 6805
2 4822
2 5610
1 5213
2 3085
1 5047
2 9130
1 7771
1 128
1 5871
2 2654
2 5226
1 4424
2 1629
2 1076
2 2410
2 974
2 1351
1 9923
1 9583
1 9461
2 1101
2 1478
1 10
2 6679
1 9656
1 1908
1 826
2 5607
1 1772
1 7716
2 7711
2 5499
1 6081
2 3296
2 707
1 6647
3
1 9023
1 3336
3
1 7733
1 7619
2 1172
1 4908
2 9168
1 4764
2 8623
1 2160
2 7437
1 9011
1 1820
2 1201
3
1 2177
2 9210
1 6552
1 6587
2 1489
1 8027
1 86
2 3820
1 7418
1 2636
1 996
2 4863
1 1
1 2792
2 8689
1 7700
1 7702
3
1 4362
2 4554
2 1793
1 1508
1 447
1 1262
2 9367
3
1 9067
2 9792
2 2675
1 5269
1 7013
3
1 8557
2 2926
1 7511
1 4648
2 6270
2 2394
2 1908
2 6542
2 8652
2 3169
3
1 40
2 9888
3
1 8855
1 4071
2 4103
1 8538
1 1786
3
1 987
1 7971
2 857
1 9997
2 5382
2 285
1 1544
2 6645
3
1 7589
2 1815
2 9528
1 8784
1 9392
1 1801
1 6983
2 5339
2 1820
1 9957
1 5155
2 163
1 8677
3
1 2139
2 8896
3
1 1491
3
1 1980
2 1600
1 6819
1 6639
2 6879
1 6845
1 8380
1 4240
1 2190
1 727
1 504
2 8203
3
1 429
2 9486
2 9968
2 5673
2 4817
2 7994
1 5105
2 6973
1 8921
1 4308
1 9613
1 7621
2 6879
2 8250
1 5237
3
1 5135
1 3993
1 7406
2 2195
1 3388
1 9767
2 7180
2 947
2 5669
3
1 7390
1 7580
1 4824
1 1511
2 8165
2 6650
1 9745
2 3604
2 1491
1 968
2 8954
1 7199
1 1586
2 1148
1 228
2 5539
1 1844
1 7326
2 6081
1 6942
2 8810
3
1 4698
1 8181
1 7445
3
1 9124
2 7486
1 1826
2 2190
2 1876
1 5
1 4226
3
1 9962
1 4979
1 9090
1 8829
2 9605
1 9202
2 2187
1 7098
1 6875
1 2356
1 5252
1 4659
1 3946
2 6668
2 8506
1 830
1 1966
1 6369
1 6795
2 4283
1 1637
1 9877
2 2435
1 6669
1 3197
1 8124
1 3207
2 4872
1 3206
2 1050
1 5380
1 8701
1 3152
1 4754
2 8604
1 934
1 7188
2 3046
1 4138
1 2226
1 9384
1 2137
1 9486
1 2448
1 9435
2 1786
1 7249
2 8481
1 5141
2 3815
1 1461
2 183
2 8095
2 4555
2 3384
1 8977
1 200
2 4472
1 7417
1 5083
2 7621
1 1667
2 8002
2 2226
1 3447
1 3427
2 2676
1 9909
2 1353
1 6704
2 7600
1 99
1 9500
2 1413
1 2754
1 122
1 5154
1 6678
1 8322
1 3341
2 447
1 9382
1 2923
1 6090
1 6823
3
1 3082
1 1180
1 9081
1 8384
1 7597
1 1403
1 4053
3
1 2213
1 4587
1 7927
2 5022
2 2923
1 9722
1 6386
1 3114
1 4959
1 7414
2 3188
1 3171
1 5548
3
1 5251
1 1192
1 6214
1 6389
1 292
1 5081
2 9883
1 8747
2 2045
1 7600
1 1046
2 3506
2 59
2 2301
2 2353
2 10
1 6512
3
1 8274
1 6291
1 9879
2 2433
3
1 939
1 3794
1 5538
2 6722
2 6723
1 2050
2 8625
1 6941
1 8026
1 4251
1 6925
1 2606
2 3996
2 5712
1 8184
1 3738
1 4353
1 1514
1 483
1 5733
2 9716
1 2098
2 4764
1 2032
2 4959
1 1686
2 7589
1 8175
2 6977
2 7685
2 9387
1 3200
1 2344
2 642
1 104
3
1 1236
2 9011
2 6264
2 1966
1 420
1 2425
2 3073
1 2750
1 7177
1 3023
1 6368
1 3064
2 4979
1 635
1 940
1 6851
2 6678
2 7927
2 2606
1 5998
1 1718
1 7755
1 6952
2 6143
2 2172
2 6255
1 5495
1 1439
1 3559
1 1091
1 5518
1 9381
2 772
1 9233
2 5998
2 7590
1 8
1 5728
1 1151
1 7442
1 2255
2 898
2 7433
1 8721
1 2036
2 3286
2 269
2 8317
2 2496
3
1 2416
1 1397
2 2754
1 9599
1 1069
1 6070
1 1052
2 6704
2 6389
1 6833
1 9606
1 17
2 880
1 9168
2 819
2 8777
2 1365
1 6076
2 6823
1 6591
1 2779
1 3664
1 3691
1 9758
2 7730
3
1 3620
1 8164
1 9782
1 6816
1 7000
2 1662
1 2293
1 9198
1 6029
2 1738
2 2036
1 4337
1 6064
1 3153
1 499
2 9265
1 7367
1 460
2 1597
2 1139
1 8800
1 9502
1 9723
1 8519
2 4257
2 8
1 7502
2 8496
2 3865
2 3996
2 1320
1 765
1 491
1 2460
1 4854
1 1343
2 8611
2 6243
2 2876
1 1138
1 7593
1 2884
3
1 331
1 5014
2 8574
3
1 6771
2 5458
1 792
2 9860
2 2892
1 7221
2 6208
2 610
1 1918
1 5158
1 893
1 7974
1 550
1 6468
1 4783
2 7165
1 7599
2 4290
2 4984
1 7997
1 5932
2 3800
2 5213
2 936
2 262
1 9430
3
1 8410
1 7667
1 2062
2 459
2 5426
1 4752
3
1 4999
1 2245
1 9807
1 3387
1 8165
2 1768
1 5417
2 894
2 9997
1 3247
2 7182
1 6936
1 7754
2 4908
2 3088
1 1510
1 5092
2 1876
3
1 3054
1 3342
1 9960
2 765
1 7950
2 4977
1 4904
1 6435
1 656
1 7678
2 483
1 2419
1 16
1 4185
1 389
3
1 2711
2 1745
1 1014
1 2800
1 9775
1 4981
1 5562
1 3308
1 6969
1 1720
1 8728
1 2471
1 5321
1 7781
1 299
2 8393
1 4317
1 9063
2 16
1 184
1 8966
2 6078
1 1403
2 2294
1 1575
2 1801
2 6851
3
1 507
2 9965
2 2325
1 9162
1 6695
1 9126
1 1514
1 3974
2 2595
1 3215
2 7406
2 5290
1 5695
1 6702
1 9205
1 5967
1 6897
2 5154
1 9391
2 1485
1 6049
2 6868
1 9113
1 5613
1 4167
2 830
2 1586
2 6598
3
1 1413
2 1994
1 9109
1 3034
1 4938
1 9695
1 9956
2 3437
1 6735
2 6735
1 8895
1 6726
1 714
1 3753
1 3480
3
1 8711
1 6991
2 460
2 9491
2 7971
2 7700
1 5884
1 9509
1 7303
2 3891
1 4796
2 4648
1 1334
3
1 8843
2 4110
1 1637
1 9922
1 3728
3
1 7433
3
1 5741
1 6492
1 397
2 250
1 7731
1 2503
1 5612
2 6560
1 1526
1 4545
1 8152
2 6291
1 2985
1 1122
1 9810
2 6587
1 798
2 6367
2 9608
2 6255
2 7177
2 812
1 3608
2 6271
2 5
1 1857
1 3630
2 1192
1 6223
2 1192
1 3180
1 4289
2 4901
1 1526
1 6052
2 6122
1 5289
2 8944
1 8673
2 1088
1 5185
1 9836
1 5849
2 6221
1 1613
2 4242
1 2797
2 498
1 1079
1 4841
1 1984
2 9937
1 4540
1 8875
1 4780
2 4180
1 558
1 8781
1 4272
1 4831
2 5677
1 7032
2 1481
2 3200
2 7667
1 1655
3
1 3009
1 9826
1 1643
1 3467
2 979
1 2741
1 5496
2 269
3
1 8440
1 2006
1 7160
2 1403
1 251
1 5128
2 1514
2 9908
1 2788
1 4773
1 5548
1 3559
2 4720
1 142
1 4174
2 9391
1 1998
1 6733
2 3948
1 9763
2 2312
1 1945
1 8026
1 2221
2 9656
2 2056
1 4291
1 7574
2 847
2 9695
1 899
1 950
2 2011
2 6368
1 6068
1 4465
1 5765
1 3612
1 5375
1 3662
1 1884
1 9843
1 5825
1 5974
2 8829
1 4674
2 5258
1 4338
2 5417
2 9830
1 3620
2 6914
2 1180
2 2800
1 9195
1 7949
1 7508
1 7254
1 4266
3
1 6024
1 6357
2 4218
1 9026
1 8232
2 3736
1 6174
1 4663
2 7574
1 229
1 9163
1 8115
2 6234
1 3960
2 8994
1 41
1 6682
1 1089
1 163
1 814
2 8174
2 8865
2 9081
2 2636
2 8921
2 6029
1 2312
2 893
2 4444
1 5980
3
1 9018
1 7209
1 5123
1 4984
2 9727
2 7171
1 6298
1 3006
1 6273
2 4502
2 760
1 1141
2 9348
1 976
1 8764
1 4111
2 2032
1 2540
2 8026
1 2443
2 4424
1 7007
2 4451
2 163
1 2975
2 3136
2 7673
1 4282
1 5515
1 5647
1 4919
1 1119
1 1079
1 4109
1 1183
1 1434
2 792
2 6226
1 1158
1 13
1 1929
1 2958
1 3958
1 5558
1 5202
1 6458
1 964
2 5495
1 7588
2 6223
2 2657
1 5982
1 8025
1 6261
1 1130
1 6021
1 9042
1 263
2 8889
2 8370
1 3379
1 6951
2 7773
1 2739
1 616
1 4629
1 7769
2 6064
2 5546
3
1 7682
1 7524
2 4828
1 1738
2 6991
2 7223
2 4226
1 8143
1 5889
1 7522
1 9567
1 9518
2 4174
1 1161
1 5786
2 8174
2 5327
1 6227
1 5872
2 9656
1 4978
1 4650
1 2340
1 9614
1 9207
1 9561
2 7997
3
1 9324
2 2538
1 6761
1 481
1 7381
2 3249
1 6133
1 7925
1 8218
2 7094
1 8075
2 9382
1 8237
2 9654
1 6349
2 120
1 8089
2 8806
2 3696
1 9746
1 2489
1 851
2 5305
2 3620
2 6073
1 1460
2 2532
1 148
1 7401
1 1096
2 4099
1 2127
1 9331
2 980
1 3036
2 224
2 6791
2 4920
2 5872
2 8011
2 3805
2 508
1 75
1 3055
3
1 3434
1 7578
1 1181
1 3306
1 3398
1 9705
1 6123
2 5924
2 184
3
1 4253
1 8457
1 1697
1 5994
1 2913
1 3062
1 6250
1 2824
1 2174
1 6238
1 4518
1 322
1 2423
1 6717
1 503
1 5899
1 7749
1 502
1 7512
2 5109
1 5269
2 4518
1 2664
1 1700
1 2279
2 1975
2 870
1 3724
1 6142
3
1 7084
1 9643
1 4106
2 6142
2 8457
1 7456
2 7199
2 148
2 8673
1 1705
2 9574
1 6587
1 7133
1 2684
1 9567
2 8741
2 99
1 2339
1 1038
1 9594
2 2604
1 523
1 2480
2 2249
1 8111
1 1726
2 3656
1 119
1 1530
2 3885
2 1462
1 4101
2 4360
1 3850
1 5177
1 6062
2 9464
2 6155
1 9571
2 7524
1 4625
1 4814
1 5147
1 6662
1 4090
1 479
2 5092
2 8569
2 1511
2 322
3
1 935
1 4020
1 3178
1 9813
2 9162
3
1 3136
1 9051
1 329
2 1738
2 9278
2 1631
1 1751
2 6623
1 3399
2 7489
2 2921
2 3499
1 7007
1 7754
1 6451
2 4539
1 9633
2 2884
1 4990
2 5889
2 3039
2 6332
1 1158
1 3596
1 2686
1 4839
1 2056
1 1939
1 6360
1 5884
1 8779
2 9445
1 2066
2 5264
1 3061
1 1978
1 7193
1 5014
1 1282
1 5613
1 4144
1 4270
2 7392
1 1616
1 8607
2 8522
1 5125
1 8502
1 5432
1 6952
2 9567
2 5820
1 2593
1 4919
3
1 4335
2 5022
1 3690
2 8143
1 7379
1 737
2 5895
2 7619
1 1220
2 714
2 1
2 3465
2 119
1 102
1 5230
2 6898
2 6477
1 7102
1 998
1 4158
1 3487
2 8359
1 9674
1 7021
1 7724
1 250
1 8776
1 4475
1 3957
1 3346
2 3630
1 7809
1 7863
1 2509
1 9398
1 7240
1 4266
1 1928
3
1 1101
1 7539
1 6549
2 8773
2 5982
2 41
3
1 8818
2 5634
2 1262
3
1 5329
1 7163
3
1 5020
1 7210
2 6996
2 754
1 1770
1 5733
1 1904
2 1282
2 6349
1 2263
2 3036
1 6541
1 8553
1 1291
2 8977
2 7509
1 1368
1 3684
1 9465
1 301
1 9683
2 9775
2 7032
2 5047
1 1450
1 3965
2 5884
2 9168
1 8047
1 798
1 7535
1 4114
2 3714
2 6449
2 8187
1 3913
2 3006
1 4730
1 6567
1 1926
1 8916
2 9207
3
1 2750
2 3336
2 762
2 7578
1 214
3
1 3723
1 808
2 5967
3
1 628
2 6468
1 3533
1 5387
2 5994
1 821
2 1895
2 5403
2 5387
1 5809
1 4560
2 2779
1 1364
2 5173
2 5259
2 7417
1 1621
1 8597
2 2173
1 1606
1 4002
3
1 5977
2 8764
2 7007
2 8191
1 2536
2 9520
1 6610
2 4453
2 6952
2 9745
1 926
1 3731
1 5893
2 5435
1 3951
1 2630
1 127
1 1283
1 1159
2 3691
1 395
1 4130
1 9784
2 2701
1 3311
2 4815
1 8972
2 2071
2 5125
1 5069
2 9465
2 2159
2 7174
2 898
1 3928
2 656
2 4487
2 7734
2 9923
1 9843
1 4084
2 420
1 2615
1 4274
1 2213
2 3559
2 7271
2 7757
1 1023
1 652
1 5463
1 5627
1 5998
1 677
2 2031
1 2107
2 935
1 6302
2 9291
2 1926
2 8175
2 3794
2 3850
1 2462
1 826
2 2975
2 8943
1 7643
1 4684
2 2866
1 5192
1 7092
1 6341
1 278
1 323
3
1 3255
2 4266
2 809
1 4377
2 3195
1 4541
1 4197
1 6527
2 4049
3
1 6513
1 1410
2 6341
1 1309
1 1896
1 9607
1 5361
2 3180
1 8966
2 652
1 5557
2 4629
1 2771
1 8069
2 1236
3
1 6863
2 4491
2 9461
1 3127
2 7138
2 7013
1 3595
1 9070
2 4999
1 5595
2 8553
1 5555
1 3954
1 7133
1 3977
2 7593
1 9982
2 8989
1 5706
1 3121
1 6320
1 2163
1 6106
2 9643
1 5622
1 6468
1 832
1 5039
1 6701
1 9514
1 5650
1 4223
1 6556
1 2882
2 1884
2 5998
2 1605
1 9924
1 7022
1 3926
2 6925
1 2349
1 5121
1 9306
1 2266
1 5205
2 2780
2 1801
1 1822
2 8781
1 7842
1 2817
1 6766
1 2524
3
1 398
1 2784
2 5105
2 3478
1 1578
1 9196
2 8656
1 4465
3
1 182
2 5014
1 8910
1 7516
1 1389
1 235
1 3074
2 4124
1 1914
2 2209
2 4904
1 8836
2 104
2 5380
1 5137
2 3677
1 1283
2 8728
1 2381
1 9650
2 832
1 8278
1 8996
1 776
2 8428
3
1 8725
2 7771
2 523
1 1945
1 3163
2 4223
1 5106
2 9842
1 6967
1 2679
1 8304
1 2854
2 6610
1 2212
1 9113
1 9676
1 3603
1 8103
1 9232
3
1 2762
3
1 3483
1 6227
2 6903
1 76
2 9828
2 4831
1 6017
1 1449
1 6021
1 1571
1 8934
2 257
1 2720
2 6214
1 181
2 1593
2 3171
2 5333
2 4821
3
1 5705
1 4142
3
1 4033
3
1 8486
2 2720
2 3156
1 2346
1 5912
2 1544
2 3152
1 6937
1 9534
2 3468
1 916
1 4634
1 3752
1 1743
2 2460
2 9763
1 7611
1 6705
2 3540
2 4540
1 3426
2 4253
1 3610
2 5538
1 337
1 4067
2 2771
1 3830
1 1744
2 2509
2 2212
1 1302
1 8650
2 3965
1 3411
1 1591
2 2741
1 1123
1 3703
1 5334
1 129
2 9225
1 7159
1 8675
1 3755
1 4360
2 9826
1 9474
1 3669
1 8740
1 5616
2 3776
1 4039
1 6386
2 3082
2 4144
2 8863
1 6850
1 668
1 6242
1 7299
1 8584
2 479
1 5449
1 8658
2 7375
2 9166
1 4823
1 6790
2 7299
1 5635
3
1 5310
2 5266
1 9504
1 4038
1 1888
2 5616
2 5159
2 3399
1 660
1 3906
1 4168
1 2127
1 7805
1 6554
1 6254
1 7476
1 4355
2 3386
1 9035
1 5958
2 4811
2 2416
2 2817
1 9436
1 6172
1 3128
1 3531
1 5685
2 3974
1 9909
1 4428
2 4488
1 5307
1 8994
2 4919
2 3447
1 6317
2 9470
1 8348
1 5749
1 4006
2 3023
1 485
1 5225
1 1842
2 7770
1 8872
1 7757
1 7128
2 7476
2 2664
1 6580
3
1 8560
1 6428
2 8739
1 4134
2 5044
2 9723
2 1660
2 2946
1 374
2 1138
2 691
1 9778
1 9331
2 6173
3
1 199
2 9398
2 2762
1 2020
2 3957
2 2992
1 4206
3
1 8370
1 4539
2 228
1 3834
1 6865
1 2409
2 2098
1 3999
1 5481
1 4223
2 6261
1 840
2 5907
1 189
1 742
2 200
1 2609
1 8145
2 8184
1 149
1 2971
2 9846
1 651
1 7478
2 9674
1 2431
1 9671
1 7741
2 919
1 9330
2 6335
2 2213
2 3993
1 1606
1 8923
1 4604
2 5121
2 8650
1 9240
1 3801
1 9324
1 7343
2 9884
1 8853
2 3247
2 9733
1 8991
1 5682
1 2116
1 6271
2 737
1 9285
1 2621
1 6434
1 699
1 1851
1 9172
1 5370
3
1 631
2 1571
1 8760
2 4132
2 6286
2 7522
1 68
1 6289
1 7063
2 8089
1 5004
1 4250
1 9954
2 7458
1 4352
2 8075
3
1 1672
2 7249
3
1 8295
2 2122
1 8506
1 326
2 8124
2 6695
1 8543
1 6444
1 7042
1 5602
2 1842
1 8827
2 4625
1 5187
2 1606
1 3585
2 4309
2 9357
1 1629
2 5231
2 8855
2 9291
1 1504
1 5592
1 8872
1 1895
1 5226
2 3379
2 6591
3
1 3507
1 5690
1 6616
2 1445
1 9503
1 8301
2 6386
2 7221
1 1144
1 1728
2 6616
3
1 4282
1 1676
1 2847
1 6215
1 3071
1 2501
1 9519
1 2106
2 3127
2 1661
1 8551
2 4053
1 6817
1 2299
1 1222
1 1850
2 9949
1 7717
1 131
2 1257
2 9016
1 8317
2 7163
1 2372
1 8384
2 6767
1 5327
2 7084
1 5438
1 3395
3
1 7787
1 4870
2 5202
1 7233
1 5576
1 4811
1 8651
1 6869
2 9447
2 4428
1 4006
1 1575
3
1 4364
1 4183
1 2499
1 2815
1 2823
3
1 9076
1 2977
2 2361
2 9606
2 6021
1 7495
2 2630
1 9303
2 5555
1 8703
2 5375
1 4500
1 2870
1 7108
1 3637
1 6075
2 9778
2 8237
1 3957
1 8155
1 5436
2 1410
1 3048
1 3867
1 2527
1 8698
1 5638
1 7405
1 6549
1 6898
1 7149
2 5611
1 8377
2 6829
1 2058
1 5835
1 8030
3
1 2422
3
1 2263
2 8651
1 5212
2 4885
2 3610
1 2063
1 7287
2 2621
1 8286
2 3411
2 7876
2 7238
1 8776
1 9042
1 3286
2 9571
2 1945
2 4823
1 4319
2 7367
1 2129
1 8748
1 250
1 6556
1 8405
1 4256
1 4178
3
1 6738
1 6198
2 5277
2 2711
2 940
2 4272
1 8779
1 3783
2 9909
2 6428
2 9492
2 6242
1 4431
1 6019
1 9559
2 5695
2 1526
2 2088
2 3006
2 1895
1 543
2 6743
1 4489
1 3679
1 1244
1 4358
2 4978
1 3865
1 5635
2 5027
1 6434
1 4196
2 4223
1 1554
1 5467
2 1461
3
1 4235
1 8036
2 9051
1 5127
2 85
1 1377
2 660
2 8198
1 1479
1 6989
1 62
1 6556
1 9218
1 6153
2 9486
1 7047
1 4711
1 1294
1 3151
2 8075
1 8610
2 2699
1 3343
1 3860
1 7213
2 1181
2 4871
2 1246
2 9582
2 5323
1 2854
1 8305
1 9830
2 5835
1 5076
2 5849
1 4310
1 8457
1 5996
1 5180
2 491
1 3189
1 5322
1 4566
1 3429
1 3870
2 4109
2 8499
2 3834
2 5548
2 5321
1 5946
1 9209
2 727
1 9425
1 7471
1 4477
2 1744
1 422
1 7933
2 7254
1 2839
1 6682
1 6589
1 7191
1 9773
2 2346
2 4300
1 9179
1 3229
1 6639
2 8711
2 5004
2 5647
1 2037
1 8339
1 6059
1 3578
1 9627
1 2959
1 2931
1 1666
3
1 1156
1 7065
1 7614
2 8320
1 7346
1 8073
1 9812
1 9547
2 8730
1 5680
3
1 1769
1 7454
3
1 9426
1 4567
1 9498
2 1046
1 1064
1 3693
2 2958
1 9283
2 7599
2 9358
2 4566
2 1718
1 6710
1 8766
1 5593
1 2580
1 2986
2 9836
2 104
1 5843
2 3928
2 6076
1 7577
2 631
1 1522
2 7078
2 3308
2 8818
1 3305
1 4321
1 1370
1 6623
2 4308
2 3272
1 7241
1 9987
1 4926
2 4084
2 7405
1 2721
2 9021
3
1 1128
2 8380
2 9067
2 8339
3
1 9973
2 1158
2 2060
2 1091
2 5595
1 9677
2 4918
2 7512
2 2312
2 6357
1 6521
1 4275
2 2536
1 7866
1 4062
1 8296
1 9969
2 2931
2 4663
1 1703
1 6235
3
1 1862
1 2337
2 9879
1 4624
1 4682
1 1890
1 7851
1 4649
1 9976
2 6174
1 9099
1 2568
2 5604
1 5425
1 5901
1 2123
2 9209
1 7369
2 6761
3
1 3811
1 5843
2 7271
1 126
2 9843
2 7414
1 1079
1 2687
2 3398
2 2986
1 6116
1 342
2 6733
1 5403
1 8657
3
1 5345
1 8711
1 8170
1 7586
1 1024
2 6064
2 8025
1 7212
1 5829
2 3724
2 8278
1 7311
1 4942
2 76
1 294
1 5061
2 1222
3
1 9532
1 4491
1 2923
2 7878
2 1119
1 6208
1 9151
1 8645
1 184
2 8708
1 9991
2 6671
1 5378
1 254
1 9427
2 189
1 8633
1 2429
2 8305
1 1934
1 2243
1 3360
3
1 2883
1 1134
1 6152
2 8548
2 254
1 5114
1 7844
1 2076
2 3865
1 2582
1 4048
1 2269
1 613
1 8859
3
1 5050
1 6956
1 576
1 3706
1 9314
1 5576
2 5740
1 856
1 6058
1 1554
3
1 1924
1 2499
2 5705
1 9649
2 1283
2 1420
2 150
3
1 7365
1 369
3
1 7089
2 3197
2 7580
1 9707
1 8766
1 5396
2 7149
2 5111
2 5127
1 3875
1 6073
2 6271
1 8630
2 4314
2 2006
2 1826
1 81
1 4053
1 1354
1 4153
1 5878
1 6792
2 2324
2 2847
1 3912
1 8514
2 8543
2 7716
2 3819
1 8348
2 417
1 3240
1 8638
3
1 3578
1 1054
1 2816
2 9172
2 4352
1 9914
2 9514
2 295
1 164
1 2666
1 9848
2 4818
1 1125
1 2667
2 8386
2 964
2 4840
1 3371
2 8534
2 5840
1 9268
1 2776
1 1927
1 8044
2 9126
2 6701
1 9984
2 8274
2 6320
3
1 8179
1 6877
1 5411
2 5230
2 1844
2 4007
1 5723
2 723
2 2489
1 4103
1 706
2 5238
1 2854
1 9051
1 3769
1 2274
1 4646
3
1 4491
1 2733
2 8560
2 987
2 2349
2 8218
1 4277
2 2063
2 4039
1 1936
1 7478
2 4114
2 1314
2 753
1 1215
2 6133
1 2461
1 1805
1 6897
2 1449
2 8645
1 5134
1 3558
1 298
2 9650
1 4669
1 3376
1 2001
2 737
1 4044
1 3104
1 2705
1 3430
1 9571
1 6371
1 703
2 4250
1 9576
2 2076
2 6246
1 4812
1 1456
2 550
1 8466
1 6862
1 3869
1 1233
1 1884
2 2443
1 7694
1 4126
1 1467
2 703
1 8466
1 3621
2 3634
2 5807
1 5678
3
1 1238
2 5557
1 9358
1 771
2 9604
2 5980
1 6816
2 2339
2 1925
2 299
1 9560
1 9569
2 9784
3
1 4319
2 7535
2 8145
2 4807
1 6662
1 9598
1 3147
1 6441
2 7875
2 3009
1 552
2 251
1 9094
1 8994
2 5173
2 5128
1 5448
1 4917
2 8295
2 5039
2 9782
2 8410
2 5096
2 1187
2 1659
2 558
1 3435
2 342
2 4377
1 7544
2 3260
1 1899
2 3958
1 5917
2 1559
2 3603
2 7022
1 1307
1 3402
1 8146
2 1334
2 3147
2 8529
1 4822
2 1381
1 4148
2 6413
1 8372
2 798
1 2880
1 9143
1 7989
1 7778
2 9408
2 4090
3
1 7877
1 9958
1 7623
1 8345
2 1064
1 3867
1 1324
3
1 1760
1 5845
2 7757
1 2420
2 4251
2 8674
2 2531
1 8449
1 2706
1 6915
2 8748
2 1377
2 7418
1 1502
1 7983
2 6989
1 8874
1 4367
1 8222
1 4099
2 5382
1 8628
1 6221
2 2001
2 9500
2 8155
2 2419
1 5701
2 3755
3
1 4000
2 9936
2 8740
2 1324
2 2643
1 1563
2 2873
1 6439
2 6070
1 8788
2 6434
1 5776
2 3876
1 9944
2 149
2 3764
1 1532
2 5627
1 1107
2 3328
2 5723
1 1312
3
1 688
1 9720
1 3116
1 5779
1 2459
1 5997
1 1738
1 6821
1 5864
1 1584
2 2823
2 17
1 2473
2 7974
1 6221
2 6576
2 2679
1 7723
1 804
2 6050
1 1410
3
1 6877
1 2111
2 6983
2 3360
1 1723
1 8256
1 911
2 1850
1 9889
2 941
2 4048
1 9354
1 7689
1 8764
1 3422
2 7369
1 6027
2 7953
1 470
1 8638
1 7057
2 2163
1 3976
2 4812
2 7513
1 3626
1 2372
1 4742
3
1 9491
1 4274
3
1 2737
1 5916
2 3293
1 6658
2 3850
3
1 6169
2 6012
2 8787
1 9790
1 9088
1 4892
2 7102
1 8399
1 29
1 8516
1 7155
2 941
2 4256
2 3562
1 1034
1 1029
2 7390
2 21
2 6967
1 5843
2 9283
2 4841
1 703
2 1368
1 5590
1 1387
2 3054
2 6221
1 3759
1 706
1 9204
1 8349
1 7659
1 2610
2 8179
1 2689
1 5540
1 6887
2 8486
2 5630
1 6719
1 4379
2 8569
2 3870
2 1283
1 9968
2 1354
1 3230
1 8701
1 8260
2 4103
2 4892
1 9293
2 2473
1 2933
1 4266
2 1937
1 1327
1 7898
1 7060
1 8034
2 2652
1 8050
1 9283
1 3094
2 9425
1 4845
2 3675
1 1552
2 5345
2 1668
1 6842
2 2274
1 2222
2 7212
1 1644
2 4266
1 9416
2 4783
2 3547
2 3640
2 7522
1 2170
2 2883
2 2824
2 747
3
1 7499
2 7160
2 9427
2 5997
1 95
1 3417
2 4617
2 3701
1 7885
1 1835
2 6058
2 7885
2 1809
2 5522
1 8666
2 2458
2 6221
1 8756
2 6938
1 5657
1 1562
2 3675
1 4613
1 6625
2 4824
1 2035
2 3875
1 2259
2 9848
2 2422
1 1416
2 2985
1 7988
2 6862
3
1 7253
1 7186
3
1 7527
2 6717
2 7108
1 3694
1 117
2 1510
1 1093
1 9612
2 7351
1 3007
2 6468
1 1853
2 5081
1 2549
1 4044
1 6151
1 5206
2 4967
2 4103
1 5991
1 8543
1 423
1 2613
2 8357
2 8872
1 2025
3
1 1176
2 5425
2 5741
2 3233
2 8788
1 494
1 6872
1 9760
1 9722
2 4777
1 276
1 4254
3
1 1366
1 7676
1 8321
2 9502
3
1 6285
1 757
2 10
2 1181
1 7747
2 5187
2 7529
2 5537
1 8015
2 4754
2 6842
1 7533
1 396
2 6554
2 868
1 4567
3
1 5077
1 5064
1 1030
1 1540
1 3972
1 9749
1 9953
1 8675
2 8538
2 5592
1 2941
1 1246
1 762
2 7577
3
1 6416
1 7686
2 7842
2 9233
2 9968
2 5905
2 6639
2 6821
2 8296
2 1246
1 8869
1 918
1 7642
2 9816
1 5110
1 5838
1 1936
1 9372
2 8115
1 1324
2 5226
2 8483
1 1750
3
1 5105
1 1403
2 2613
1 9375
1 4787
1 8024
2 5031
1 5249
1 1013
1 3841
1 2828
1 3027
2 5576
1 8990
1 425
2 5307
1 3484
2 6630
3
1 4120
3
1 4286
1 5560
1 4251
1 8148
1 353
1 9389
2 9186
2 128
2 5678
2 8602
1 716
1 8804
1 4414
1 655
2 8165
1 3069
1 6388
1 14
3
1 5019
1 2843
1 29
2 1770
1 801
2 8232
1 3301
2 2293
2 8017
1 7177
1 1734
1 9253
1 8961
2 8286
1 8
1 8692
1 7387
1 3103
2 1584
2 5128
1 1013
1 7146
1 7740
1 1036
1 4529
1 75
1 6046
2 7092
1 706
2 3346
2 7155
2 94
1 9639
1 4653
2 7495
1 3382
3
1 6071
2 1752
1 1964
2 1862
1 6908
1 5461
1 323
1 666
2 5019
1 8096
1 8183
1 4593
2 1772
1 3933
2 7128
1 2007
2 87
1 5240
2 4364
2 6302
2 4787
1 928
2 3867
2 2174
1 8026
1 3374
2 3071
1 384
2 9846
1 6254
3
1 4338
1 7647
1 4279
1 3751
1 2697
2 2123
1 5336
2 628
2 2111
2 5884
1 6226
2 1936
1 8507
1 7910
2 7749
2 7702
2 4831
2 182
2 950
1 8400
2 3999
2 3860
1 555
1 8754
1 5627
1 7559
1 7404
1 1228
1 4449
1 689
1 9654
1 3753
1 5737
2 1643
2 7989
1 2314
2 6618
3
1 8910
2 1637
2 3340
2 552
2 7209
2 1397
1 6900
1 252
1 5541
1 1979
1 4689
1 8810
2 7343
1 527
2 8846
2 7516
2 3585
1 6663
1 5895
1 7892
1 4885
2 6090
1 7013
2 4697
2 651
2 2222
2 7183
3
1 9678
1 2148
1 2989
2 8449
1 4882
2 7736
1 5572
2 8384
2 7177
1 6868
1 7522
2 9991
1 2787
3
1 3660
1 1638
1 701
1 3012
3
1 577
1 5085
1 9856
2 1504
1 570
2 4938
1 9266
1 4452
3
1 8276
2 301
1 1576
1 1960
2 5745
1 3375
1 7619
1 9100
2 668
1 9223
3
1 6857
2 1853
2 6068
2 5749
2 6071
1 655
1 5275
2 6009
2 9099
1 8439
2 9051
2 2977
1 4553
2 2263
1 7613
1 7298
1 1258
1 4602
1 3995
2 2221
1 398
1 482
1 7767
1 2524
2 3723
1 1076
1 9129
1 1541
1 8831
2 3745
2 8135
2 9129
2 7898
2 40
1 1670
1 3303
1 1830
1 7742
1 2770
1 2596
1 3934
1 3022
1 5428
2 1013
1 5039
1 7055
1 1517
1 3562
2 499
2 2524
1 6459
2 7445
1 4073
2 1918
1 2403
2 6705
2 6152
2 1036
1 2999
2 6868
1 9742
1 8061
2 6662
1 5336
1 645
1 8198
1 3552
2 1912
3
1 5671
2 199
2 4604
1 764
1 8318
1 4672
2 4360
1 5707
2 4719
1 8131
2 1302
1 8490
1 5788
2 470
1 9279
1 9670
1 3575
1 5729
2 1014
1 8779
2 6845
1 2714
1 7374
1 3364
2 5083
2 7000
2 1030
1 8085
2 2056
1 5501
1 7873
2 1370
1 2014
2 1514
1 7259
1 138
1 2779
1 9467
1 3978
2 7559
2 8457
2 3915
2 4251
2 6439
2 1945
1 2171
1 5180
2 1645
2 4379
1 8639
2 1914
1 8207
1 4334
2 1554
2 8776
1 3538
2 706
1 2237
2 4006
3
1 6745
2 8597
1 8155
2 2787
2 7007
1 2278
2 616
1 2897
2 250
1 1564
2 9215
2 3794
1 2311
1 3541
1 6079
2 7544
1 5295
3
1 4444
1 9981
1 2921
1 1017
1 9582
1 2317
1 4236
1 2415
1 8619
1 6926
1 2449
2 9109
1 6490
2 7405
2 8490
1 8535
2 8804
2 353
1 6683
3
1 6215
2 2062
1 5096
1 8290
1 1380
1 4526
2 707
1 3897
1 5669
3
1 13
2 9323
1 605
2 9204
1 6984
1 6067
2 5977
1 6284
1 3519
1 8899
1 1596
1 1422
1 4939
1 5802
1 845
1 1927
1 6489
1 7727
2 8061
2 7925
2 423
1 8273
1 3200
1 4746
1 8641
2 6035
1 6630
2 7949
2 635
2 2255
1 9041
2 9705
3
1 543
2 7213
1 1901
2 856
2 1703
2 4449
2 9700
1 4662
1 9412
1 7184
1 1255
1 3963
1 3818
1 7136
2 4319
2 2882
1 2365
2 7055
1 249
1 211
1 8281
1 6583
2 9569
3
1 4478
2 1530
1 6098
1 615
2 5269
1 3485
3
1 6349
1 2424
1 950
1 219
2 8658
1 5356
1 5460
1 9553
2 9393
2 9746
1 6606
1 2717
1 6937
1 5470
2 3128
1 2876
1 902
1 6967
3
1 2794
1 9971
1 358
1 9229
1 5318
1 565
1 5332
2 4926
1 2395
1 7348
2 3103
1 8847
1 1774
1 8993
1 9728
2 2137
2 4321
1 6132
1 5236
2 742
1 495
1 2449
2 5680
1 6823
1 8362
2 3171
1 3341
1 3184
3
1 6859
2 7533
1 4491
2 1096
1 7637
1 2904
2 4289
3
1 6131
1 2935
3
1 1390
1 3979
1 9042
1 2384
1 9704
3
1 7763
1 3545
1 7770
1 266
2 2423
1 8956
1 2729
1 4985
3
1 9497
2 4987
1 6048
1 7223
2 801
3
1 8720
1 1597
2 1738
1 4017
1 6686
1 2305
2 9954
1 1736
1 2540
2 9027
1 9556
3
1 4993
1 9499
1 3197
3
1 7420
1 5693
1 3390
1 7269
1 3002
1 20
2 171
2 6877
1 9106
2 8810
1 1898
1 9172
1 3820
3
1 1664
2 5996
1 6395
1 8316
2 1578
1 5730
1 6167
1 2732
1 1124
1 1216
2 3759
2 3069
1 8321
3
1 4275
2 2395
2 1233
1 7767
3
1 9541
2 5729
1 8954
1 2268
1 9579
1 6120
1 7326
1 822
1 6770
2 9678
1 6681
1 3529
2 29
1 5404
2 2007
1 4019
2 9615
3
1 8623
1 2461
2 2448
3
1 2030
2 8170
2 3294
2 3121
1 7039
1 2950
2 6369
2 4780
1 6672
2 3507
1 2309
2 1387
2 6556
1 395
1 5471
1 9447
2 2420
1 3209
1 736
2 7092
2 8096
2 1908
1 4843
2 8908
1 1663
1 9411
2 8322
1 9023
3
1 9949
1 8000
1 5251
1 9274
2 822
2 1255
2 3995
2 6772
1 7203
2 131
1 1894
2 8993
1 6365
2 5786
1 7396
2 978
1 1380
2 9172
1 3462
1 2921
1 9931
2 1637
1 7891
2 13
1 6638
2 9491
1 4627
1 4793
2 5979
1 2062
1 637
2 8030
2 5461
1 5001
2 2540
1 6969
2 117
2 2911
3
1 1749
1 9015
1 3627
1 9623
1 7672
2 6120
1 5796
2 8276
1 4090
1 4803
2 9559
2 5396
2 6273
1 9504
2 5991
2 7328
2 184
1 7674
2 7988
1 6380
3
1 8067
2 2687
1 8697
1 297
2 4662
2 7267
2 8152
1 2580
1 9413
1 8150
2 9909
1 7181
2 771
2 2062
1 8506
1 6714
1 7231
1 436
2 642
1 5067
1 8537
3
1 224
2 1899
1 7834
2 9649
1 7108
1 8165
1 7293
2 7863
1 1473
2 6817
2 1752
2 5336
1 8223
1 7154
1 6767
1 4032
1 1838
2 1996
1 3990
1 8360
1 2991
1 8091
1 3567
1 6449
2 7233
1 9579
1 7456
1 6350
1 4272
1 1673
2 6831
1 4382
2 4984
2 1220
1 9679
3
1 978
2 3067
2 1173
1 1714
1 9608
1 3621
2 8827
2 771
1 9460
1 3554
2 323
1 9543
1 2841
2 8223
2 4053
2 6900
1 7854
1 2656
1 9942
2 6153
2 3422
2 5334
2 5665
2 6512
1 7347
2 8399
1 1845
1 3042
1 1297
1 9995
2 1734
2 3731
1 8800
3
1 2395
2 1054
1 4644
1 5371
2 2461
1 8343
1 6286
2 4627
1 1870
1 1175
2 5974
2 6350
2 3554
1 8276
2 8019
2 6027
2 1456
2 7311
2 6449
1 5603
2 2501
1 3993
2 7674
1 4554
1 8836
2 576
2 1128
1 7598
1 4367
1 1156
1 5654
1 4446
1 1831
3
1 3694
1 2789
1 4151
1 9597
1 1341
2 4046
1 2502
2 3660
2 2020
1 6914
1 9817
2 4491
1 2666
2 3821
1 757
1 8044
1 1833
1 3749
1 2932
1 6833
1 1637
3
1 168
1 5646
1 8469
1 7030
2 3306
2 9242
1 4172
3
1 1193
2 1124
2 7742
2 9354
1 4378
2 875
1 6202
2 7910
2 8537
2 9198
1 6249
2 9790
1 1238
1 6478
2 2166
1 2641
1 2734
3
1 2071
2 4689
1 5514
2 2666
1 7021
1 7985
1 4426
1 3059
1 9283
1 1315
2 9504
1 9761
1 9511
1 2422
1 9753
3
1 6646
2 9579
1 6650
2 3684
1 3092
2 6116
1 2723
1 8241
1 4452
2 6490
1 8378
2 5776
2 5682
1 476
1 5393
2 2843
1 8406
2 918
1 7385
2 4236
1 8883
3
1 4259
2 3388
2 263
1 9080
2 1216
3
1 9216
1 1950
2 6792
2 3265
1 9008
2 1540
3
1 8779
1 5175
1 3518
1 9346
2 5638
1 359
2 2794
2 8519
1 9283
2 1390
1 3266
3
1 6222
1 8782
2 3027
1 8796
1 7909
1 6069
2 2839
2 6289
1 8340
1 2099
1 210
1 5502
2 689
2 6942
2 9670
2 494
2 9283
1 8030
1 5190
2 6770
1 3458
2 8256
2 3552
2 4746
1 9872
1 4447
2 1093
1 5382
2 9856
2 7598
1 1173
3
1 5641
3
1 8484
2 6823
1 9554
1 9478
1 3651
2 8784
2 637
1 4104
2 1161
1 2968
3
1 4854
1 1528
1 6348
1 9371
1 486
2 4158
2 8853
2 8996
2 4653
2 4142
1 9545
1 6116
1 3589
1 6390
1 5125
1 366
1 4061
1 5921
1 1296
1 6987
1 3009
1 7105
1 3243
1 750
1 3633
1 2409
2 3694
2 5329
1 5098
1 1376
1 5134
1 202
1 6340
1 2309
1 4120
2 3926
1 9669
1 584
2 5206
2 2263
2 4465
1 8496
2 3462
1 8062
2 8861
1 9225
1 3885
2 4130
1 8255
2 7098
2 2656
2 5180
1 6512
1 3936
1 6831
2 6795
1 3227
1 6711
1 6243
1 9780
2 8800
1 1398
2 4541
2 3626
1 7796
2 4382
1 8875
1 174
1 3123
1 9935
2 8910
3
1 8233
1 1810
1 5021
1 9718
1 4307
1 3807
1 7435
1 4148
1 7987
1 3702
2 3533
2 6527
2 6071
2 347
1 9515
1 6758
2 2124
2 3621
2 7767
3
1 5869
2 5460
1 9339
2 6256
2 2684
1 1784
1 1421
1 6629
1 9557
2 5251
1 608
1 9446
1 4683
1 2286
1 6560
2 5448
2 5001
2 9722
2 8916
2 4919
2 565
1 4174
1 1793
1 376
2 8994
1 1697
3
1 2027
1 2429
3
1 2987
2 6606
2 8779
2 6458
1 2574
2 5871
1 5273
2 8836
2 4090
1 1591
1 6506
1 9942
2 1122
1 6024
1 5486
1 1206
2 395
2 2269
2 3993
1 128
1 8544
1 3959
1 526
2 4885
2 2706
2 688
2 128
2 4659
2 4813
1 9767
1 8541
2 7146
1 5322
1 2966
2 1629
1 4210
3
1 9385
1 1711
2 5695
1 9940
1 8142
2 7694
1 771
1 5272
2 495
2 4426
2 6226
1 8703
1 176
2 8091
1 1116
1 4716
1 4427
1 9470
2 5128
3
1 1041
2 3662
2 7435
2 530
1 8771
2 776
2 4672
1 3424
1 8596
2 2747
1 3126
2 5061
1 2087
1 4270
1 5764
1 7319
1 9881
1 2146
1 3088
2 4167
2 2593
1 2700
1 9302
3
1 682
2 2471
1 2191
1 31
2 7769
1 5013
1 3675
1 2024
2 1376
2 9216
1 3664
1 9229
3
1 3937
1 967
1 6419
2 1845
2 9547
1 4603
1 3450
1 3100
1 6753
1 7220
2 7365
1 7776
2 4788
3
1 8904
1 5195
2 7423
1 6317
1 8474
1 4975
1 8893
1 8187
1 2559
1 8132
1 1190
3
1 3772
1 1666
2 2422
2 8347
1 8912
1 1733
3
1 7932
2 27
3
1 178
3
1 9690
2 6987
1 3705
1 2081
1 3593
1 8276
1 7802
2 1984
1 7415
1 7967
2 2307
2 6875
2 6650
3
1 6734
1 291
1 406
1 1121
1 8566
1 7073
1 1092
1 3564
2 384
2 1950
3
1 3539
1 9366
1 3495
1 8386
1 3805
2 5436
1 1713
1 3803
3
1 8863
2 6172
1 9752
1 780
1 384
2 1929
2 75
2 62
3
1 2223
1 3461
2 8954
1 970
2 3059
1 605
2 7381
2 4172
1 5685
1 7436
1 6473
3
1 8985
1 8912
2 8165
2 8440
2 8961
1 3462
2 6021
1 7293
1 9788
1 114
1 8616
1 1153
2 1156
2 8692
1 4980
2 5236
1 4572
1 8572
2 6753
2 613
2 3977
1 4238
1 1011
1 1519
2 358
1 7544
1 2892
2 4338
1 1889
1 158
1 4808
1 3539
1 5613
1 1109
2 967
1 2972
1 3872
1 8318
1 1446
2 337
2 1835
2 4310
1 982
1 4874
1 9324
1 2444
1 4814
2 8665
2 4430
1 8256
1 9909
2 6552
1 1143
1 1370
1 2285
1 8545
2 6623
1 3528
2 1575
1 4950
2 848
1 6963
2 7452
3
1 1380
1 6858
3
1 4601
2 7737
1 3254
1 4827
1 3653
2 2279
2 5471
2 2340
2 76
1 1855
2 826
3
1 9904
2 2398
1 3603
2 1664
2 2148
2 1720
2 3092
1 949
1 4163
2 5899
1 3152
1 9432
1 5167
2 6677
1 3147
1 1369
2 6816
1 9038
2 8875
1 8848
2 8872
2 8187
2 6662
2 4993
1 1455
1 85
1 1058
2 6215
1 6508
1 5952
3
1 2848
2 1562
2 2396
1 9666
2 3693
1 4301
1 3648
3
1 7797
2 3266
2 1176
1 1991
1 9471
2 2797
1 1978
1 8248
2 2923
1 1605
1 8729
1 5488
1 6584
1 9614
1 3118
1 7442
1 7935
2 3679
1 6659
1 5983
2 6868
1 2243
1 8716
2 1960
1 7941
2 7105
2 6360
1 7769
2 5167
1 1295
2 4649
2 9016
2 8198
1 6377
2 3869
2 9303
1 7808
1 7632
2 6682
1 3573
1 3431
1 1484
3
1 8885
2 8255
1 5693
1 7439
2 4319
3
1 6679
1 8972
2 8800
1 1769
3
1 7300
2 2286
1 2454
2 8984
2 8496
1 7689
2 6046
1 1074
1 8177
2 164
1 2162
1 5216
1 6903
2 8904
1 9847
2 508
1 2301
2 4240
1 2282
1 7135
1 9298
1 5381
1 7750
2 211
1 9575
1 4248
1 8250
1 3283
1 6357
2 6227
1 609
1 9703
1 8579
1 370
1 1165
1 775
1 5034
2 2499
1 8964
1 1416
1 5809
2 3333
2 3778
1 8269
1 6854
1 393
3
1 2032
1 3078
2 9864
2 9703
1 3657
1 1620
2 9553
1 7828
1 7489
1 1316
2 9728
1 6414
1 3264
2 1079
1 3953
1 3934
2 7241
2 5502
2 1749
1 4922
2 5612
1 5513
1 9562
2 9282
2 7987
1 9406
1 4282
1 4697
2 1380
1 4017
2 9995
2 6052
2 1364
2 4126
1 5929
1 1301
1 530
3
1 7550
1 2859
1 6199
2 3002
2 6284
1 7779
2 996
2 7436
1 8149
1 6357
2 3118
1 6451
2 1620
1 5492
1 390
2 9753
2 8572
2 9080
1 3034
2 2803
1 4505
2 5175
1 2094
2 5829
1 5032
1 4245
2 918
1 8034
1 9429
1 5989
1 5900
1 6817
1 3846
1 9735
1 7698
2 9690
1 1465
2 7972
2 9761
2 7404
2 2425
2 3538
3
1 4152
2 8406
2 8062
2 5067
1 5455
1 535
1 253
1 6181
2 934
1 6507
2 1297
2 1116
2 7987
2 5449
3
1 1970
1 7908
2 7687
1 6056
1 5854
2 3934
1 1437
1 611
1 3132
1 2347
1 5697
1 1265
2 3603
2 9094
2 5825
1 3339
2 7042
2 5706
1 3309
1 1362
1 2562
1 473
2 4062
2 5685
1 580
2 2828
2 4922
1 1543
1 9740
1 5808
1 7591
1 2451
2 8164
2 5212
1 4490
2 530
2 9582
1 7403
2 6683
1 6451
1 6539
2 5050
2 1621
2 6451
2 2327
1 2093
3
1 9849
1 261
2 6507
2 9331
2 808
2 2950
1 25
3
1 8145
1 2434
1 270
2 1024
1 1461
1 4249
1 7769
1 4353
1 3712
1 758
1 9853
1 6704
1 1574
1 3189
1 991
1 7444
1 3072
2 9232
1 5204
1 3006
2 1904
2 1517
2 3461
1 9279
1 4281
1 9656
2 5135
1 9695
1 5976
2 4337
1 2451
1 8807
2 4335
2 6630
2 5737
2 4275
1 8185
1 3587
2 7223
1 9484
1 5608
1 3339
1 1852
1 6862
2 9499
2 7597
1 1453
2 1234
2 8273
2 1215
1 9098
1 2
1 4172
2 3435
2 473
2 5510
1 2414
2 1532
1 7377
2 5147
2 8187
1 3427
1 7664
1 4427
1 898
2 8754
2 9704
2 7866
1 1343
2 8885
1 695
1 7975
1 818
1 80
1 677
3
1 6900
1 2589
1 7973
1 6705
1 8525
2 7047
3
1 3952
3
1 7680
2 4358
1 7708
2 9599
2 9375
2 1676
2 5895
1 8213
1 4586
1 8080
1 5441
2 9246
1 4806
2 5912
1 8584
2 9567
2 1653
2 8893
2 2959
1 1861
1 3133
2 1261
1 9432
1 5068
2 3163
2 9471
1 5554
2 6377
1 9983
1 5852
1 181
2 9560
1 9867
1 3980
2 9195
1 8740
2 6869
2 2848
2 6937
2 9452
2 4811
3
1 7152
2 1774
1 6716
1 5896
2 331
2 2444
3
1 5656
1 5728
1 5838
2 1291
2 5838
2 1991
2 7935
1 6010
1 412
1 7725
2 9832
1 8742
1 2415
2 2415
1 7068
1 3519
2 8362
2 6556
1 6136
1 7975
1 8758
1 8380
2 8545
2 1666
1 1202
2 2223
3
1 1883
1 607
1 1843
2 5064
1 9483
1 4339
1 5792
2 359
1 2650
3
1 5598
1 4704
1 6086
1 4720
1 4328
1 8322
2 3141
2 9026
2 2266
2 4339
2 7508
1 6778
1 3189
2 9659
2 5920
1 4870
1 7606
2 9515
2 5672
1 6562
2 7892
2 3703
1 4146
2 8729
1 6419
2 3304
2 1996
1 6720
1 6346
2 9430
3
1 2818
2 682
2 4604
1 6821
1 9090
1 7359
2 8206
1 1396
1 1119
1 5529
1 5980
1 6467
1 7245
2 6833
1 9808
2 6198
1 9223
2 7159
2 1755
2 1380
1 2310
1 3851
2 9372
1 7456
1 6075
1 718
2 2499
2 2104
3
1 6726
2 1896
1 4513
2 2792
1 497
1 8224
1 3842
1 1620
1 1092
2 2854
2 5225
1 3628
2 7724
2 9872
3
1 7884
2 436
1 1871
1 3848
1 3387
1 2826
1 6979
2 1883
1 2028
1 6973
1 9722
2 703
1 5058
1 9940
1 600
1 9376
2 8146
2 9576
2 5843
2 9639
2 5989
2 1038
1 5336
2 2589
1 2513
1 3189
1 8301
1 9028
1 5716
1 998
2 2314
1 1153
1 598
2 3728
1 2951
1 7062
2 6478
1 9706
1 14
2 9233
1 8408
2 1000
1 6194
1 69
1 5464
1 931
1 4146
2 6222
3
1 5388
1 56
1 5838
2 9080
1 8870
1 2040
2 3936
2 1751
1 3257
3
1 6101
2 8831
1 4065
1 9942
1 9470
2 6862
2 1238
1 9166
1 3512
1 5063
1 6276
1 984
1 9170
2 8276
1 7712
2 6710
2 9788
1 2689
2 2513
1 2020
1 9424
2 6831
2 1327
1 5257
1 138
2 5077
1 6958
3
1 7435
2 5463
2 5098
2 5671
3
1 3244
1 5469
2 3132
2 7933
2 3283
2 1851
1 4357
2 2971
1 8820
1 8991
1 9345
1 8277
2 9976
1 817
1 9425
1 7536
1 6162
1 1306
2 8408
1 9589
1 9619
1 4437
1 5625
1 6294
1 7456
1 9325
2 5403
1 2637
2 4742
1 8327
2 645
1 2396
1 8868
3
1 4372
2 7415
3
1 5201
1 7608
1 6223
1 6868
2 8607
1 4156
1 181
1 7311
1 3170
1 8977
1 7340
2 1526
1 7829
2 5068
1 1948
1 2515
2 3042
2 7672
1 9709
2 3972
1 3389
1 7096
2 9962
2 4044
2 2344
2 9706
1 1568
1 8152
2 6682
2 3434
1 9416
1 1129
2 7456
1 380
2 911
1 6744
1 5815
2 259
2 2372
2 9562
2 6794
1 4091
3
1 3602
2 6549
3
1 2889
2 4587
1 5898
2 6720
2 8666
1 5845
1 8667
2 3820
2 2717
1 1365
1 7457
2 8318
2 9597
1 3000
3
1 8445
1 5873
1 5913
1 6343
1 7172
2 3301
2 2574
2 8250
2 1092
2 7536
1 21
1 5007
1 3668
2 6663
1 9672
1 3250
2 6024
1 2155
2 2549
1 9008
1 6638
2 9381
2 5843
3
1 9585
1 2800
2 6736
2 7220
2 4697
1 5110
1 7263
2 7863
2 7442
1 9636
1 4683
2 6418
2 6048
1 56
2 8962
1 8140
3
1 4980
1 7895
2 7428
1 9604
1 1789
2 6702
1 5850
1 5917
1 4909
2 6451
1 6152
2 1467
1 3779
1 9472
1 2019
3
1 4827
1 1257
1 4963
2 577
1 841
2 6556
2 9483
2 7191
2 6227
1 7977
1 3042
1 3035
1 2662
1 7777
1 3149
2 3578
2 982
2 9909
1 1431
1 1735
1 2059
1 7038
1 7911
1 1934
1 9973
3
1 8412
1 6745
1 4749
1 8262
2 9949
1 8675
1 2091
3
1 1350
1 5341
1 9153
2 5613
2 6199
2 7456
1 4024
2 3952
2 9534
2 8957
1 4828
3
1 4128
1 3345
2 8183
2 2501
2 8985
2 9504
2 2066
2 7741
2 8910
1 1761
1 232
1 6648
1 6135
1 8581
2 9817
2 7293
1 9204
2 4870
2 8782
1 2061
1 8881
2 8159
1 9853
2 3851
1 1774
1 1707
2 7613
1 3559
2 4334
1 4586
1 8254
1 3095
1 330
1 221
2 8504
2 2609
2 8327
2 2301
2 6664
2 9015
2 1216
1 2493
1 8526
1 8508
2 851
2 2958
2 5069
1 2962
1 9167
1 5160
2 6075
3
1 5558
2 6926
1 8053
2 2498
1 121
2 3772
1 6304
1 1371
1 9423
1 4259
1 4124
2 3657
2 998
1 270
2 8085
2 1670
1 2097
2 8698
1 2161
2 8348
1 9990
1 7600
2 7186
1 7460
2 3055
1 303
1 9387
1 1508
2 9023
2 1296
2 1616
3
1 4399
2 8457
1 1521
1 4675
1 7820
1 6952
2 3694
2 1121
1 4328
1 2844
1 5463
1 4172
2 4437
2 9098
1 577
1 1233
1 5746
2 5548
2 9953
1 864
1 4588
1 684
1 1449
2 5693
1 5174
1 3113
2 294
1 312
1 348
3
1 6916
3
1 5196
1 8606
1 6407
2 9810
1 4718
1 9115
1 2299
1 3911
2 8000
1 5877
1 8216
1 2449
1 6276
1 8260
1 7231
2 3559
2 8073
2 4128
2 5845
3
1 9937
1 1470
1 6737
3
1 1556
1 3869
1 6642
2 3596
1 5089
1 2936
2 1736
2 7527
2 8956
2 3537
2 6929
1 4840
1 4288
1 4543
2 6773
2 9424
2 2059
2 370
2 5464
2 7733
2 7932
1 5007
1 9324
2 2215
1 3945
1 804
1 6819
2 6539
1 6774
2 5633
1 3042
1 4102
2 9922
1 5305
1 3971
1 97
2 1416
1 8561
2 8899
2 3702
2 8260
1 2153
2 9170
1 9707
2 5622
1 9231
1 7430
1 8204
1 3720
1 8140
1 7653
1 4054
1 9695
2 4146
1 2173
1 5253
1 9613
2 206
1 3130
2 6452
1 7889
2 7667
2 6079
1 7004
1 6504
1 8661
1 9735
2 7777
1 1682
2 5501
2 1787
1 7809
1 1648
3
1 9141
1 9920
1 1746
1 5982
2 4595
2 2713
1 5145
2 2019
1 2897
2 9784
2 4776
2 3201
1 4762
1 6728
1 8189
1 6582
1 5858
1 4804
1 7015
1 4141
1 7665
2 3990
1 6061
2 9345
1 3146
1 8641
2 7698
2 8616
1 5383
1 433
3
1 2348
2 5469
1 6221
1 2163
2 8222
1 6085
1 6330
2 4120
1 848
2 764
1 6594
1 6047
2 1998
2 8181
1 912
1 4631
2 5007
1 7820
2 8241
1 7168
2 3484
1 4465
2 3382
1 6771
2 6758
2 9958
1 7169
2 5106
2 4572
2 9987
3
1 5781
1 1492
2 3007
2 5195
1 8352
1 8321
1 4197
2 5155
2 3207
2 4141
1 2968
1 3168
2 2237
1 9334
1 1193
1 765
1 9072
3
1 466
3
1 4274
1 1971
1 2480
2 2854
1 9430
1 7661
2 3094
2 6734
1 4761
1 8702
2 4828
1 8862
1 1276
1 1831
1 8238
1 8898
1 6538
1 7843
1 7514
1 8401
1 4916
2 8639
1 9635
2 8661
1 5118
2 482
1 5817
1 3639
1 5568
1 3793
2 4646
1 2670
2 5192
1 5085
1 7383
2 5683
1 5900
1 2813
1 9693
2 3426
2 4762
2 9117
2 1326
2 8721
2 605
1 7732
1 9066
1 8297
2 3805
1 5461
1 6869
2 3467
1 3725
1 1009
2 3648
3
1 4581
2 1009
1 4115
3
1 4462
1 5646
1 369
1 4803
1 6485
2 6969
2 8675
2 5411
1 5469
2 9042
2 1455
2 9718
1 6185
2 6767
2 7747
1 3970
1 556
1 5108
1 5698
1 6714
1 5716
2 8024
2 4917
1 8255
1 4982
2 7977
1 3268
1 8390
2 7068
1 1704
1 4696
2 6346
1 4346
1 2530
3
1 4385
2 2101
3
1 9781
1 8653
3
1 8734
1 2189
1 6694
3
1 6398
1 124
1 2119
1 5626
2 9100
1 2201
2 6865
2 8862
1 2944
1 53
1 5924
1 4155
1 9438
1 4191
2 9583
1 8302
1 7199
3
1 3200
2 4981
1 9494
1 1852
2 3725
2 7559
2 9973
1 4665
2 765
1 9884
1 7871
2 2732
2 8934
1 9299
2 2784
2 3389
2 1370
1 321
1 7188
1 6062
1 8656
2 5020
2 5560
2 97
3
1 6802
1 3998
1 5205
1 3088
1 1748
2 5356
2 1575
1 2481
1 6183
1 1774
2 1934
2 6371
1 4846
1 8636
2 4985
1 1119
2 396
1 2610
2 7263
2 429
1 791
2 6771
1 3889
2 9325
2 181
1 6148
1 8456
1 3481
1 4442
1 5402
1 3104
3
1 7161
1 4342
1 2991
1 8174
1 5467
1 264
2 3830
2 9008
1 3283
2 4803
1 4813
1 1657
1 2571
2 9331
2 8378
1 846
1 9843
1 4960
3
1 5571
2 5657
3
1 4804
2 8760
2 1964
2 2153
1 2910
1 9300
2 7797
2 8304
1 3408
2 7876
1 5357
3
1 3921
2 3487
1 4386
1 4721
1 4074
1 4521
1 8381
1 3652
2 7213
2 1017
1 638
2 6434
1 816
1 8496
2 3006
1 2764
2 2449
2 7021
2 6679
1 9993
2 2697
2 5728
1 5620
1 7992
1 2318
1 4166
2 2032
1 2317
2 9693
1 1110
2 6686
2 4675
1 457
1 5270
1 356
2 7231
3
1 6129
1 6751
1 6220
2 3921
2 3541
1 7847
1 7910
2 3803
1 7329
2 3559
2 2087
1 7474
1 9639
2 9623
2 982
1 2535
3
1 7500
1 4943
2 7154
1 8610
1 5801
1 2941
1 2973
2 7725
2 1637
1 5001
1 370
2 4385
2 7910
1 6357
2 9358
1 2773
3
1 882
3
1 8761
2 2773
2 3573
3
1 6533
1 9574
1 3415
1 2513
1 5074
2 7253
1 6342
2 6046
1 2993
1 6550
2 7420
1 5575
1 9744
2 9166
1 764
1 6613
1 7118
2 6745
2 9435
1 3499
2 2880
1 9702
2 5096
1 9199
1 2375
1 174
1 1424
1 5479
1 9142
2 8898
1 7188
2 4796
3
1 3777
2 8317
1 7787
1 8162
1 8849
2 5843
1 5724
1 8783
2 1833
2 4020
2 5869
2 8015
1 7562
1 6461
1 1065
2 5014
1 9431
1 1451
3
1 348
1 3597
2 9592
1 8340
2 7013
3
1 356
2 5625
2 5404
1 765
1 2752
2 7611
1 2134
3
1 5582
1 1248
2 5108
2 5901
1 8664
1 9097
1 3443
1 8398
3
1 7266
2 2309
1 4751
2 3538
1 3656
1 2901
3
1 6920
1 5403
1 8931
1 6571
1 5703
1 8384
1 2746
2 5788
2 7347
2 8779
1 366
2 6461
3
1 8329
1 3338
2 7385
2 4570
1 1275
2 939
1 9389
2 4513
2 9636
2 1666
1 7259
1 2742
1 7932
2 3184
1 4331
2 6298
1 5665
2 9720
1 2050
2 2040
1 1071
1 6235
1 8760
1 1905
1 7406
2 4916
2 5467
1 2251
1 6010
1 5677
2 3911
2 9072
2 6776
1 2133
1 4093
3
1 5687
2 3339
1 8330
2 2816
1 6063
1 4305
3
1 4325
3
1 9753
2 158
1 7656
1 8808
1 2253
2 1159
3
1 273
1 2223
1 5426
2 9576
3
1 2536
1 9
2 5270
1 8099
1 3961
2 298
2 7133
1 5829
1 7740
2 5809
1 8207
2 4248
1 5448
1 5551
2 1446
2 978
1 8353
2 8162
1 2525
1 9669
2 580
2 5240
2 2365
1 9726
1 6076
2 9911
2 3458
2 2764
2 9300
1 8564
1 5159
1 9628
2 4545
2 7770
1 6826
2 7231
2 3906
1 6791
2 8990
1 9157
1 6815
1 9770
1 8681
1 6746
2 2097
2 8734
1 3966
2 7030
1 4063
1 1301
1 2509
1 6372
1 9746
1 8034
2 5582
1 8290
1 1655
2 7808
1 2354
2 818
2 8189
3
1 1788
2 3268
2 3612
1 3242
2 5829
2 3338
1 9941
1 4409
2 9366
2 5924
1 8697
2 4882
2 1190
1 1011
2 3229
2 2213
2 6704
